0 0.2484375 0.07734375 0.09375 0.103125
0 0.3609375 0.0671875 0.0875 0.1140625
0 0.5578125 0.18125 0.109375 0.1734375
0 0.52265625 0.24609375 0.1265625 0.2015625
0 0.94140625 0.2765625 0.0890625 0.1953125
0 0.81640625 0.13828125 0.1140625 0.1765625
0 0.81328125 0.4390625 0.1453125 0.21875
0 0.65078125 0.09921875 0.1234375 0.1953125
0 0.15234375 0.75859375 0.3015625 0.4828125
0 0.19921875 0.19453125 0.1296875 0.1953125
0 0.29375 0.18359375 0.1359375 0.23125
0 0.4875 0.43671875 0.1484375 0.2453125