0 0.08203125 0.484375 0.1640625 0.325
0 0.17734375 0.57578125 0.1515625 0.2828125
0 0.11171875 0.2359375 0.165625 0.2359375
0 0.27578125 0.18046875 0.140625 0.2390625
0 0.37890625 0.5671875 0.165625 0.2765625
0 0.4703125 0.47421875 0.1390625 0.2546875
0 0.53671875 0.1953125 0.1171875 0.21875
0 0.61796875 0.18984375 0.1046875 0.16875
0 0.6546875 0.55625 0.1515625 0.2515625
0 0.70234375 0.17734375 0.0984375 0.175
0 0.82578125 0.17265625 0.125 0.215625
0 0.94921875 0.17265625 0.1015625 0.2296875
0 0.8703125 0.48984375 0.146875 0.23125