0 0.8953125 0.378125 0.209375 0.35625
0 0.82890625 0.48984375 0.2078125 0.3140625
0 0.828125 0.134375 0.2125 0.26875
0 0.6515625 0.121875 0.1875 0.24375
0 0.62265625 0.52109375 0.2203125 0.3109375
0 0.51328125 0.4453125 0.190625 0.2828125
0 0.390625 0.1765625 0.1609375 0.2421875
0 0.3078125 0.1859375 0.1375 0.1890625
0 0.3421875 0.5640625 0.2015625 0.2828125
0 0.21953125 0.190625 0.1328125 0.19375
0 0.09375 0.21015625 0.1671875 0.240625
0 0.0203125 0.2328125 0.040625 0.246875
0 0.1109375 0.53984375 0.1921875 0.2609375