0 0.1125 0.04453125 0.06875 0.0890625
0 0.9609375 0.21796875 0.078125 0.2421875
0 0.13515625 0.084375 0.1296875 0.16875
0 0.55 0.24921875 0.128125 0.215625
0 0.15 0.22578125 0.1375 0.215625
0 0.6890625 0.3515625 0.14375 0.23125
0 0.3203125 0.2890625 0.15 0.2265625
0 0.9390625 0.09921875 0.0640625 0.04375
0 0.93515625 0.5859375 0.1296875 0.2625
0 0.13515625 0.54609375 0.1171875 0.2078125
0 0.496875 0.63984375 0.1453125 0.24375
0 0.078125 0.61953125 0.1421875 0.2359375
0 0.53125 0.7578125 0.165625 0.25625
0 0.0265625 0.71640625 0.053125 0.2671875
0 0.34765625 0.04765625 0.1109375 0.0953125
0 0.5875 0.0765625 0.1203125 0.153125
0 0.75390625 0.115625 0.1140625 0.15625
0 0.30234375 0.85390625 0.15625 0.228125
0 0.8515625 0.1375 0.1171875 0.1609375