0 0.14140625 0.084375 0.1390625 0.16875
0 0.96171875 0.29296875 0.0765625 0.2046875
0 0.52890625 0.2703125 0.1390625 0.2234375
0 0.90859375 0.4296875 0.146875 0.2234375
0 0.3546875 0.30234375 0.153125 0.240625
0 0.7234375 0.41171875 0.1609375 0.234375
0 0.04609375 0.41015625 0.0921875 0.2609375
0 0.77734375 0.73359375 0.1265625 0.215625
0 0.40234375 0.65703125 0.15625 0.253125
0 0.79765625 0.82734375 0.153125 0.24375
0 0.3171875 0.75 0.1765625 0.265625
0 0.84609375 0.9109375 0.1640625 0.178125
0 0.8203125 0.14375 0.1234375 0.1703125
0 0.57421875 0.08671875 0.1328125 0.1734375
0 0.40234375 0.06796875 0.1265625 0.1359375
0 0.49140625 0.91171875 0.1578125 0.1765625
0 0.30234375 0.0578125 0.1296875 0.115625