0 0.1046875 0.11484375 0.09375 0.2296875
0 0.97578125 0.14609375 0.0484375 0.1875
0 0.54140625 0.23828125 0.0921875 0.209375
0 0.95 0.3 0.1 0.20625
0 0.37890625 0.31171875 0.103125 0.2234375
0 0.765625 0.328125 0.1125 0.215625
0 0.18046875 0.009375 0.059375 0.01875
0 0.065625 0.4953125 0.109375 0.2578125
0 0.896875 0.62890625 0.08125 0.203125
0 0.51171875 0.6453125 0.103125 0.2375
0 0.9390625 0.715625 0.1015625 0.228125
0 0.45078125 0.75703125 0.121875 0.24375
0 0.984375 0.834375 0.03125 0.2625
0 0.79453125 0.06015625 0.0890625 0.11875
0 0.540625 0.0625 0.096875 0.125
0 0.3640625 0.065625 0.090625 0.13125
0 0.6625 0.8984375 0.11875 0.203125
0 0.26015625 0.06796875 0.0921875 0.1359375