0 0.3921875 0.1546875 0.0859375 0.1796875
0 0.1390625 0.159375 0.0734375 0.1453125
0 0.63125 0.2015625 0.05 0.10625
0 0.67734375 0.2234375 0.0875 0.1859375
0 0.865625 0.2640625 0.1046875 0.1875
0 0.19921875 0.296875 0.084375 0.2015625
0 0.359375 0.32578125 0.0765625 0.165625
0 0.47109375 0.38203125 0.1625 0.31875
0 0.3078125 0.47734375 0.09375 0.221875
0 0.34296875 0.0515625 0.0421875 0.078125
0 0.715625 0.66953125 0.121875 0.2609375
0 0.49765625 0.06875 0.0375 0.0875
0 0.11953125 0.75703125 0.1 0.190625
0 0.54375 0.09453125 0.0734375 0.1546875