0 0.509375 0.1515625 0.125 0.2109375
0 0.78671875 0.11328125 0.103125 0.1703125
0 0.25703125 0.24453125 0.0734375 0.1234375
0 0.21015625 0.2765625 0.1265625 0.2171875
0 0.0421875 0.35234375 0.084375 0.2203125
0 0.74453125 0.27421875 0.125 0.2328125
0 0.57421875 0.3328125 0.1109375 0.19375
0 0.4625 0.4140625 0.23125 0.3734375
0 0.65625 0.48984375 0.140625 0.2578125
0 0.5453125 0.0390625 0.059375 0.078125
0 0.2453125 0.76953125 0.178125 0.303125
0 0.37890625 0.0765625 0.05625 0.1015625
0 0.909375 0.7625 0.1421875 0.2234375
0 0.33359375 0.11328125 0.10625 0.18125