0 0.67734375 0.7265625 0.05 0.078125
0 0.3703125 0.7765625 0.0734375 0.103125
0 0.51796875 0.7859375 0.0375 0.065625
0 0.734375 0.7953125 0.05 0.075
0 0.628125 0.85859375 0.0578125 0.084375
0 0.26640625 0.034375 0.0296875 0.021875
0 0.865625 0.88046875 0.059375 0.090625
0 0.4859375 0.95234375 0.05625 0.0828125
0 0.30390625 0.96796875 0.0578125 0.0640625
0 0.51796875 0.01484375 0.0328125 0.0296875
0 0.396875 0.02734375 0.034375 0.0390625
0 0.36640625 0.03515625 0.0328125 0.0484375
0 0.2484375 0.05859375 0.034375 0.0515625
0 0.67109375 0.0234375 0.0328125 0.046875
0 0.4765625 0.0484375 0.0359375 0.05
0 0.7421875 0.0203125 0.03125 0.040625
0 0.2140625 0.090625 0.0328125 0.046875
0 0.6421875 0.05703125 0.0359375 0.05625
0 0.84453125 0.03359375 0.0359375 0.0546875
0 0.89453125 0.028125 0.0375 0.053125
0 0.0234375 0.1390625 0.040625 0.0546875
0 0.62265625 0.0859375 0.0375 0.0546875
0 0.02421875 0.17109375 0.0375 0.05625
0 0.71875 0.09140625 0.0375 0.0578125
0 0.2890625 0.1453125 0.040625 0.059375
0 0.37265625 0.134375 0.0390625 0.05625
0 0.88359375 0.09140625 0.0375 0.05625
0 0.4984375 0.153125 0.040625 0.0625
0 0.79609375 0.11875 0.040625 0.0625
0 0.20625 0.1921875 0.0375 0.0515625
0 0.31796875 0.18671875 0.0390625 0.0671875
0 0.17265625 0.21015625 0.0375 0.0578125
0 0.2734375 0.2203125 0.0421875 0.0578125
0 0.946875 0.140625 0.0296875 0.0453125
0 0.1875 0.24296875 0.0390625 0.059375
0 0.88671875 0.159375 0.040625 0.059375
0 0.09609375 0.2640625 0.04375 0.0640625
0 0.234375 0.24765625 0.040625 0.059375
0 0.646875 0.2015625 0.0421875 0.0671875
0 0.56796875 0.21328125 0.040625 0.065625
0 0.3515625 0.2421875 0.0375 0.0578125
0 0.84921875 0.190625 0.05 0.0671875
0 0.92109375 0.19765625 0.0453125 0.0640625
0 0.959375 0.19296875 0.021875 0.0671875
0 0.45703125 0.2578125 0.0515625 0.071875
0 0.56796875 0.2703125 0.0421875 0.0671875
0 0.48984375 0.29921875 0.046875 0.071875
0 0.09765625 0.353125 0.046875 0.0671875
0 0.33359375 0.328125 0.0359375 0.053125
0 0.42421875 0.31796875 0.0453125 0.059375
0 0.9359375 0.25625 0.046875 0.06875
0 0.55 0.30390625 0.0515625 0.078125
0 0.14140625 0.359375 0.04375 0.0671875
0 0.696875 0.29453125 0.046875 0.0703125
0 0.628125 0.30703125 0.0546875 0.0875
0 0.24453125 0.3703125 0.046875 0.06875
0 0.77734375 0.30625 0.053125 0.071875
0 0.73125 0.3328125 0.0515625 0.0828125
0 0.96875 0.3171875 0.034375 0.0765625
0 0.44296875 0.38671875 0.040625 0.0609375
0 0.7640625 0.37109375 0.0546875 0.0859375
0 0.2859375 0.434375 0.0375 0.0484375
0 0.04375 0.465625 0.046875 0.0671875
0 0.36796875 0.42734375 0.0421875 0.065625
0 0.5171875 0.40859375 0.0375 0.05625
0 0.96171875 0.3578125 0.0578125 0.08125
0 0.1078125 0.46953125 0.0609375 0.075
0 0.6359375 0.46328125 0.0421875 0.065625
0 0.28828125 0.5203125 0.0265625 0.0375
0 0.7828125 0.4625 0.0453125 0.065625
0 0.48203125 0.5078125 0.0453125 0.065625
0 0.75703125 0.4875 0.0453125 0.071875
0 0.30234375 0.553125 0.0421875 0.0671875
0 0.1015625 0.58046875 0.0484375 0.0734375
0 0.50859375 0.5546875 0.0453125 0.06875
0 0.27890625 0.6078125 0.046875 0.0703125
0 0.4046875 0.60703125 0.046875 0.0703125
0 0.16796875 0.64375 0.0453125 0.071875
0 0.41953125 0.6875 0.040625 0.0703125
0 0.0796875 0.7359375 0.0453125 0.0640625
0 0.45390625 0.7 0.0453125 0.0734375