0 0.63515625 0.7359375 0.046875 0.0703125
0 0.359375 0.7859375 0.0671875 0.09375
0 0.63203125 0.04296875 0.0328125 0.0453125
0 0.978125 0.7125 0.04375 0.071875
0 0.49296875 0.7921875 0.034375 0.059375
0 0.946875 0.7390625 0.0453125 0.06875
0 0.6875 0.796875 0.0453125 0.06875
0 0.5734375 0.05546875 0.0328125 0.0484375
0 0.59375 0.85625 0.0546875 0.078125
0 0.253125 0.10625 0.0296875 0.0453125
0 0.64609375 0.05078125 0.03125 0.0453125
0 0.78125 0.0328125 0.0265625 0.0375
0 0.8078125 0.871875 0.05625 0.0828125
0 0.7359375 0.04375 0.0296875 0.0359375
0 0.46640625 0.9421875 0.0515625 0.075
0 0.303125 0.965625 0.053125 0.06875
0 0.921875 0.025 0.0375 0.05
0 0.9703125 0.90625 0.059375 0.06875
0 0.4796875 0.0859375 0.03125 0.046875
0 0.37109375 0.10390625 0.0328125 0.046875
0 0.67109375 0.06328125 0.0328125 0.0453125
0 0.34453125 0.1171875 0.03125 0.0453125
0 0.23828125 0.13984375 0.0328125 0.046875
0 0.61875 0.1 0.0296875 0.046875
0 0.44375 0.12734375 0.034375 0.0453125
0 0.68359375 0.09765625 0.0296875 0.0390625
0 0.20703125 0.16953125 0.0296875 0.0421875
0 0.59375 0.1328125 0.0328125 0.0515625
0 0.775 0.10859375 0.0328125 0.05
0 0.8203125 0.10234375 0.034375 0.0484375
0 0.03671875 0.21640625 0.0375 0.05
0 0.3828125 0.021875 0.025 0.021875
0 0.9046875 0.1046875 0.0375 0.053125
0 0.878125 0.109375 0.034375 0.05625
0 0.57578125 0.15859375 0.034375 0.05
0 0.28828125 0.03671875 0.028125 0.0265625
0 0.0375 0.2453125 0.034375 0.0515625
0 0.66328125 0.1625 0.034375 0.053125
0 0.27578125 0.2171875 0.0359375 0.0546875
0 0.35078125 0.20703125 0.0359375 0.0515625
0 0.81171875 0.16015625 0.0359375 0.0515625
0 0.46484375 0.221875 0.0375 0.05625
0 0.4734375 0.01640625 0.028125 0.0328125
0 0.73359375 0.18515625 0.0390625 0.05625
0 0.20234375 0.2609375 0.034375 0.046875
0 0.303125 0.2546875 0.0359375 0.0609375
0 0.171875 0.278125 0.034375 0.053125
0 0.2640625 0.28515625 0.0375 0.053125
0 0.87109375 0.203125 0.028125 0.040625
0 0.1859375 0.30859375 0.0359375 0.0546875
0 0.81484375 0.2203125 0.0375 0.0546875
0 0.10390625 0.32734375 0.040625 0.0578125
0 0.228125 0.3109375 0.0359375 0.0546875
0 0.6 0.2625 0.0390625 0.0609375
0 0.528125 0.27421875 0.0375 0.059375
0 0.334375 0.30390625 0.034375 0.053125
0 0.78203125 0.25 0.0453125 0.0625
0 0.84765625 0.2546875 0.0421875 0.0578125
0 0.89375 0.25 0.04375 0.0625
0 0.42890625 0.31640625 0.0484375 0.065625
0 0.5296875 0.32578125 0.0390625 0.0609375
0 0.459375 0.353125 0.04375 0.065625
0 0.10703125 0.40859375 0.0421875 0.0609375
0 0.31875 0.3828125 0.0328125 0.0484375
0 0.40078125 0.37109375 0.0421875 0.0546875
0 0.86171875 0.30703125 0.04375 0.0625
0 0.5140625 0.35703125 0.046875 0.0703125
0 0.14609375 0.4125 0.040625 0.0609375
0 0.64609375 0.34609375 0.04375 0.0640625
0 0.584375 0.3578125 0.0515625 0.0796875
0 0.23984375 0.4203125 0.0421875 0.0625
0 0.71953125 0.3546875 0.0484375 0.065625
0 0.678125 0.38046875 0.0484375 0.0765625
0 0.89921875 0.36171875 0.0453125 0.0703125
0 0.41875 0.4328125 0.0359375 0.05625
0 0.70859375 0.4140625 0.05 0.078125
0 0.27734375 0.478125 0.034375 0.04375
0 0.059375 0.51015625 0.0421875 0.0609375
0 0.35234375 0.4703125 0.0390625 0.059375
0 0.4859375 0.45234375 0.034375 0.0515625
0 0.8875 0.39921875 0.0515625 0.075
0 0.11796875 0.5125 0.05625 0.06875
0 0.01328125 0.5328125 0.0265625 0.065625
0 0.9875 0.41015625 0.0171875 0.053125
0 0.3515625 0.05546875 0.0296875 0.04375
0 0.59375 0.4984375 0.0390625 0.059375
0 0.28125 0.55625 0.025 0.0328125
0 0.72578125 0.49609375 0.040625 0.059375
0 0.28515625 0.06640625 0.0296875 0.0421875
0 0.9453125 0.46640625 0.0375 0.0578125
0 0.45625 0.54140625 0.0421875 0.059375
0 0.70390625 0.51875 0.0421875 0.065625
0 0.29453125 0.5859375 0.0390625 0.0609375
0 0.50546875 0.0390625 0.03125 0.046875
0 0.11328125 0.6125 0.04375 0.0671875
0 0.48046875 0.584375 0.0421875 0.0625
0 0.95546875 0.5359375 0.0421875 0.0640625
0 0.2734375 0.63515625 0.04375 0.0640625
0 0.3875 0.6328125 0.04375 0.0640625
0 0.175 0.66875 0.0421875 0.065625
0 0.325 0.071875 0.03125 0.046875
0 0.409375 0.0609375 0.028125 0.0390625
0 0.60390625 0.034375 0.028125 0.0390625
0 0.83125 0.0140625 0.034375 0.028125
0 0.7546875 0.01953125 0.03125 0.0390625
0 0.4015625 0.7046875 0.0375 0.0640625
0 0.09609375 0.753125 0.0421875 0.0578125
0 0.43359375 0.715625 0.0421875 0.0671875
0 0.44375 0.06328125 0.0265625 0.03125