0 0.41484375 0.8109375 0.046875 0.0765625
0 0.7234375 0.8453125 0.06875 0.1
0 0.3640625 0.04453125 0.0328125 0.0484375
0 0.03359375 0.81328125 0.0421875 0.078125
0 0.5765625 0.8625 0.034375 0.0640625
0 0.07109375 0.83984375 0.046875 0.0734375
0 0.3609375 0.88359375 0.046875 0.0734375
0 0.43125 0.05390625 0.034375 0.0515625
0 0.47109375 0.940625 0.0546875 0.0828125
0 0.7890625 0.08515625 0.03125 0.0484375
0 0.35 0.0546875 0.03125 0.0484375
0 0.19921875 0.0453125 0.028125 0.040625
0 0.23515625 0.95703125 0.053125 0.0546875
0 0.25 0.053125 0.03125 0.0390625
0 0.61953125 0.99296875 0.0484375 0.0140625
0 0.04453125 0.04375 0.0328125 0.0625
0 0.53671875 0.08125 0.0328125 0.05
0 0.6578125 0.0921875 0.0328125 0.05
0 0.3234375 0.06953125 0.0328125 0.0484375
0 0.68828125 0.1046875 0.03125 0.0484375
0 0.80859375 0.12109375 0.0328125 0.05
0 0.384375 0.10625 0.03125 0.0515625
0 0.5796875 0.1234375 0.034375 0.0484375
0 0.3125 0.10859375 0.0296875 0.0421875
0 0.84375 0.1515625 0.0296875 0.0453125
0 0.41484375 0.140625 0.0328125 0.0546875
0 0.21171875 0.128125 0.034375 0.053125
0 0.1609375 0.12578125 0.034375 0.0515625
0 0.06875 0.13359375 0.0390625 0.05625
0 0.0984375 0.13671875 0.0359375 0.059375
0 0.4359375 0.16796875 0.034375 0.053125
0 0.74375 0.0203125 0.028125 0.0109375
0 0.33984375 0.1796875 0.034375 0.05625
0 0.77265625 0.21015625 0.0375 0.0578125
0 0.68828125 0.2046875 0.0359375 0.0546875
0 0.17578125 0.18828125 0.0359375 0.0546875
0 0.56328125 0.2296875 0.0375 0.0609375
0 0.5375 0.0109375 0.028125 0.0203125
0 0.26328125 0.21015625 0.0390625 0.0609375
0 0.85703125 0.25234375 0.034375 0.05
0 0.7453125 0.253125 0.0359375 0.065625
0 0.8921875 0.26875 0.034375 0.05625
0 0.790625 0.28359375 0.0390625 0.05625
0 0.1140625 0.240625 0.028125 0.04375
0 0.87890625 0.303125 0.0359375 0.0578125
0 0.1765625 0.25546875 0.0375 0.0578125
0 0.97109375 0.31875 0.040625 0.0625
0 0.83203125 0.309375 0.0375 0.0578125
0 0.41796875 0.2859375 0.0390625 0.065625
0 0.496875 0.29296875 0.0375 0.0640625
0 0.71484375 0.3109375 0.034375 0.05625
0 0.21484375 0.28515625 0.046875 0.065625
0 0.14375 0.29609375 0.04375 0.0625
0 0.09140625 0.29296875 0.04375 0.0671875
0 0.61015625 0.33203125 0.0484375 0.06875
0 0.5 0.35 0.0390625 0.065625
0 0.57890625 0.375 0.04375 0.0703125
0 0.9734375 0.4078125 0.04375 0.065625
0 0.7375 0.39609375 0.034375 0.0515625
0 0.64609375 0.38984375 0.0421875 0.0578125
0 0.13203125 0.3546875 0.04375 0.0671875
0 0.51953125 0.3828125 0.046875 0.0765625
0 0.93125 0.415625 0.040625 0.065625
0 0.37265625 0.38046875 0.04375 0.06875
0 0.4421875 0.3890625 0.0515625 0.0859375
0 0.1734375 0.0046875 0.028125 0.009375
0 0.828125 0.43203125 0.04375 0.0671875
0 0.29296875 0.39609375 0.0484375 0.0703125
0 0.340625 0.4203125 0.0484375 0.08125
0 0.09375 0.4171875 0.0453125 0.0765625
0 0.63125 0.459375 0.0375 0.059375
0 0.30859375 0.4609375 0.05 0.084375
0 0.790625 0.4984375 0.034375 0.046875
0 0.7078125 0.49609375 0.0390625 0.0640625
0 0.5578125 0.4859375 0.034375 0.0546875
0 0.11015625 0.45859375 0.053125 0.08125
0 0.10546875 0.00703125 0.0328125 0.0140625
0 0.96875 0.525 0.0578125 0.0734375
0 0.00390625 0.47890625 0.0078125 0.0578125
0 0.67578125 0.03671875 0.0296875 0.046875
0 0.4421875 0.54609375 0.0390625 0.0640625
0 0.7921875 0.584375 0.025 0.0359375
0 0.29609375 0.55234375 0.0421875 0.0640625
0 0.75078125 0.04375 0.0296875 0.0453125
0 0.0515625 0.53671875 0.0375 0.0625
0 0.5984375 0.58203125 0.0421875 0.0640625
0 0.32265625 0.5765625 0.0421875 0.0703125
0 0.7796875 0.61796875 0.0390625 0.065625
0 0.5046875 0.03046875 0.0328125 0.05
0 0.9765625 0.634375 0.034375 0.0703125
0 0.575 0.63125 0.0421875 0.0671875
0 0.0453125 0.615625 0.0421875 0.06875
0 0.80703125 0.671875 0.04375 0.06875
0 0.68125 0.67734375 0.04375 0.06875
0 0.91796875 0.7015625 0.0421875 0.0703125
0 0.70703125 0.05234375 0.03125 0.05
0 0.61328125 0.046875 0.028125 0.0421875
0 0.3953125 0.0328125 0.028125 0.0421875
0 0.14140625 0.02109375 0.0359375 0.0421875
0 0.2265625 0.02421875 0.03125 0.0484375
0 0.6703125 0.75859375 0.0375 0.06875
0 0.63671875 0.7734375 0.0421875 0.071875
0 0.57421875 0.0515625 0.0265625 0.0328125