0 0.69375 0.18125 0.0796875 0.103125
0 0.1625 0.25078125 0.0859375 0.1171875
0 0.2921875 0.2390625 0.059375 0.109375
0 0.89609375 0.1859375 0.084375 0.0921875
0 0.24453125 0.27109375 0.125 0.1953125
0 0.9546875 0.19609375 0.04375 0.1046875
0 0.44140625 0.27421875 0.08125 0.13125
0 0.7734375 0.25390625 0.0625 0.109375
0 0.6328125 0.2703125 0.078125 0.1078125
0 0.0625 0.334375 0.125 0.215625
0 0.5359375 0.30390625 0.15625 0.2890625
0 0.18125 0.35234375 0.08125 0.0984375
0 0.38359375 0.33671875 0.0796875 0.1390625
0 0.13203125 0.06875 0.0703125 0.071875
0 0.73125 0.3671875 0.0859375 0.1421875
0 0.69375 0.03046875 0.065625 0.0609375
0 0.33671875 0.45390625 0.1296875 0.2234375
0 0.84296875 0.41640625 0.1515625 0.2828125
0 0.6734375 0.4359375 0.134375 0.125
0 0.9609375 0.41328125 0.078125 0.2828125
0 0.18828125 0.55078125 0.1140625 0.2
0 0.39765625 0.64921875 0.1703125 0.3265625
0 0.70390625 0.6203125 0.20625 0.346875
0 0.921875 0.615625 0.134375 0.1609375
0 0.8734375 0.05 0.1 0.1
0 0.01015625 0.12265625 0.0203125 0.1453125
0 0.99609375 0.70078125 0.0078125 0.1421875
0 0.6109375 0.765625 0.09375 0.1359375
0 0.3015625 0.8125 0.165625 0.2859375
0 0.984375 0.76796875 0.03125 0.1265625
0 0.8828125 0.7859375 0.2328125 0.36875
0 0.09296875 0.90234375 0.103125 0.109375
0 0.24296875 0.1078125 0.11875 0.15625
0 0.49609375 0.08828125 0.1296875 0.1765625
0 0.36328125 0.10546875 0.1265625 0.1859375
0 0.35 0.96015625 0.153125 0.0796875
0 0.73203125 0.93984375 0.14375 0.090625
0 0.78671875 0.07890625 0.1109375 0.1578125
0 0.928125 0.0734375 0.075 0.146875
0 0.12109375 0.1546875 0.10625 0.178125
0 0.66640625 0.1078125 0.09375 0.1234375
0 0.56875 0.13671875 0.075 0.1171875