0 0.2453125 0.23515625 0.0828125 0.1078125
0 0.7921875 0.1828125 0.0890625 0.1203125
0 0.6609375 0.20078125 0.0625 0.1140625
0 0.0453125 0.2875 0.0890625 0.096875
0 0.71640625 0.221875 0.13125 0.2015625
0 0.00625 0.31015625 0.0125 0.1078125
0 0.51875 0.27109375 0.084375 0.1359375
0 0.1828125 0.32734375 0.065625 0.1125
0 0.32734375 0.31015625 0.08125 0.1125
0 0.91484375 0.24296875 0.1390625 0.2234375
0 0.43203125 0.321875 0.1640625 0.2984375
0 0.79765625 0.2890625 0.084375 0.103125
0 0.59140625 0.31953125 0.0828125 0.1453125
0 0.78203125 0.015625 0.0734375 0.03125
0 0.2515625 0.43046875 0.090625 0.1484375
0 0.20859375 0.07265625 0.06875 0.0875
0 0.665625 0.42578125 0.1375 0.23125
0 0.15078125 0.50625 0.159375 0.2921875
0 0.325 0.4859375 0.1390625 0.13125
0 0.0375 0.53046875 0.075 0.2921875
0 0.8359375 0.48828125 0.1203125 0.20625
0 0.65 0.6359375 0.1796875 0.3375
0 0.3359375 0.67734375 0.2171875 0.3578125
0 0.11796875 0.7234375 0.140625 0.1671875
0 0.04140625 0.125 0.0828125 0.146875
0 0.928125 0.0453125 0.05 0.090625
0 0.0484375 0.83046875 0.040625 0.146875
0 0.46328125 0.8015625 0.0984375 0.140625
0 0.78359375 0.7765625 0.1734375 0.296875
0 0.075 0.89453125 0.0640625 0.13125
0 0.19453125 0.84609375 0.2421875 0.3078125
0 0.9796875 0.81953125 0.040625 0.1109375
0 0.6796875 0.06953125 0.125 0.1390625
0 0.41953125 0.0953125 0.1359375 0.1890625
0 0.55859375 0.08984375 0.1328125 0.1796875
0 0.7703125 0.9359375 0.15625 0.0859375
0 0.3796875 0.978125 0.14375 0.04375
0 0.12578125 0.140625 0.115625 0.19375
0 0.01015625 0.1578125 0.0203125 0.2
0 0.8109375 0.084375 0.1125 0.16875
0 0.25625 0.15625 0.096875 0.1265625
0 0.36015625 0.16328125 0.0796875 0.121875