0 0.6546875 0.1859375 0.0671875 0.14375
0 0.7109375 0.18828125 0.059375 0.1390625
0 0.49140625 0.2109375 0.0375 0.084375
0 0.58125 0.24453125 0.0359375 0.0859375
0 0.83671875 0.228125 0.0703125 0.1375
0 0.95234375 0.228125 0.04375 0.09375
0 0.91015625 0.2359375 0.0453125 0.090625
0 0.78359375 0.27265625 0.034375 0.0734375
0 0.35390625 0.32890625 0.046875 0.090625
0 0.23515625 0.33984375 0.046875 0.0984375
0 0.07578125 0.11484375 0.103125 0.1765625
0 0.38671875 0.10625 0.0984375 0.2
0 0.50859375 0.1265625 0.0859375 0.1703125