0 0.37578125 0.203125 0.06875 0.1421875
0 0.31953125 0.20390625 0.0609375 0.1375
0 0.5359375 0.2296875 0.0390625 0.084375
0 0.44609375 0.26171875 0.0375 0.0859375
0 0.1953125 0.24140625 0.071875 0.1375
0 0.08125 0.2390625 0.0453125 0.0921875
0 0.12265625 0.24765625 0.0453125 0.090625
0 0.24765625 0.28671875 0.034375 0.071875
0 0.6703125 0.35 0.0484375 0.090625
0 0.78671875 0.36171875 0.046875 0.0984375
0 0.94765625 0.1328125 0.1046875 0.19375
0 0.640625 0.12890625 0.1015625 0.2
0 0.52109375 0.146875 0.0875 0.16875