0 0.2859375 0.246875 0.0796875 0.140625
0 0.234375 0.2625 0.071875 0.1359375
0 0.44140625 0.22890625 0.0453125 0.0828125
0 0.93203125 0.15703125 0.0375 0.096875
0 0.3671875 0.28203125 0.0421875 0.084375
0 0.1296875 0.3296875 0.08125 0.1359375
0 0.02421875 0.3578125 0.0484375 0.090625
0 0.06328125 0.3546875 0.0515625 0.0890625
0 0.1890625 0.35859375 0.0390625 0.071875
0 0.596875 0.3046875 0.0546875 0.090625
0 0.7078125 0.28515625 0.0546875 0.096875
0 0.79609375 0.06328125 0.1203125 0.1265625
0 0.5109375 0.1078125 0.115625 0.196875
0 0.40546875 0.15625 0.1 0.1671875