0 0.61328125 0.25 0.0546875 0.09375
0 0.40390625 0.2390625 0.03125 0.05
0 0.47109375 0.24609375 0.03125 0.04375
0 0.27421875 0.24140625 0.0125 0.0265625
0 0.684375 0.2859375 0.0125 0.0234375
0 0.71796875 0.29140625 0.053125 0.078125
0 0.3421875 0.2546875 0.0625 0.1015625
0 0.18828125 0.23984375 0.009375 0.0171875
0 0.1421875 0.23828125 0.0203125 0.0375
0 0.1703125 0.2421875 0.009375 0.0109375
0 0.6546875 0.2953125 0.0109375 0.0203125
0 0.25625 0.25859375 0.0296875 0.0515625
0 0.5125 0.29140625 0.01875 0.0421875
0 0.76484375 0.33125 0.0421875 0.0890625
0 0.43515625 0.45859375 0.05625 0.078125
0 0.940625 0.15078125 0.1109375 0.190625