0 0.35234375 0.253125 0.059375 0.090625
0 0.54765625 0.221875 0.0328125 0.0484375
0 0.4859375 0.23515625 0.0328125 0.0421875
0 0.9296875 0.153125 0.0171875 0.0234375
0 0.6703125 0.21171875 0.0140625 0.025
0 0.2890625 0.29375 0.0140625 0.0234375
0 0.2578125 0.30234375 0.05625 0.078125
0 0.6078125 0.23125 0.0671875 0.1
0 0.7515625 0.20234375 0.009375 0.0171875
0 0.79375 0.19609375 0.0234375 0.0359375
0 0.76796875 0.20234375 0.009375 0.0125
0 0.31796875 0.3 0.0125 0.01875
0 0.6890625 0.22578125 0.0328125 0.05
0 0.4515625 0.28203125 0.0203125 0.040625
0 0.21796875 0.3453125 0.046875 0.0875
0 0.540625 0.43125 0.059375 0.0765625
0 0.04765625 0.19296875 0.0953125 0.1859375