0 0.47109375 0.23203125 0.0578125 0.0890625
0 0.6578125 0.2828125 0.03125 0.046875
0 0.596875 0.26953125 0.0328125 0.0421875
0 0.771875 0.32109375 0.0140625 0.025
0 0.39765625 0.24375 0.0140625 0.0234375
0 0.3671875 0.23828125 0.0546875 0.0765625
0 0.7078125 0.3140625 0.065625 0.0984375
0 0.84765625 0.34453125 0.009375 0.015625
0 0.88828125 0.35625 0.021875 0.0359375
0 0.86328125 0.3515625 0.009375 0.0109375
0 0.421875 0.26015625 0.0125 0.01875
0 0.7828125 0.3421875 0.03125 0.0484375
0 0.54765625 0.296875 0.0203125 0.0390625
0 0.31328125 0.2609375 0.046875 0.084375
0 0.56796875 0.46640625 0.0578125 0.075
0 0.2109375 0.071875 0.11875 0.14375