0 0.09296875 0.26015625 0.0140625 0.021875
0 0.13671875 0.2703125 0.0234375 0.0359375
0 0.03671875 0.26015625 0.0171875 0.0234375
0 0.26796875 0.2953125 0.0375 0.071875
0 0.32578125 0.3203125 0.034375 0.059375
0 0.03203125 0.28984375 0.01875 0.0328125
0 0.0984375 0.30625 0.021875 0.0421875
0 0.11484375 0.31328125 0.0328125 0.065625
0 0.45 0.35546875 0.0296875 0.0625
0 0.30234375 0.35546875 0.025 0.0453125
0 0.64375 0.41015625 0.046875 0.0875
0 0.19140625 0.36328125 0.121875 0.2078125
0 0.39296875 0.40078125 0.090625 0.1890625
0 0.0375 0.36796875 0.0640625 0.1234375
0 0.31953125 0.42578125 0.078125 0.1390625
0 0.575 0.46328125 0.0796875 0.1359375
0 0.67578125 0.49453125 0.0796875 0.1453125
0 0.05625 0.4703125 0.0984375 0.14375
0 0.84296875 0.62265625 0.2296875 0.453125
0 0.44140625 0.58515625 0.1265625 0.234375
0 0.921875 0.73984375 0.1046875 0.284375