0 0.13984375 0.26328125 0.01875 0.0265625
0 0.18671875 0.278125 0.028125 0.0390625
0 0.08046875 0.25625 0.0203125 0.028125
0 0.32421875 0.31953125 0.046875 0.0796875
0 0.05390625 0.271875 0.046875 0.090625
0 0.38359375 0.35390625 0.0421875 0.065625
0 0.07265625 0.2875 0.0234375 0.0359375
0 0.14140625 0.3125 0.0265625 0.0453125
0 0.159375 0.321875 0.0421875 0.071875
0 0.5125 0.40390625 0.0375 0.06875
0 0.35390625 0.38828125 0.03125 0.05
0 0.71328125 0.48515625 0.059375 0.0953125
0 0.2359375 0.38359375 0.1515625 0.23125
0 0.44609375 0.44765625 0.1171875 0.2078125
0 0.0640625 0.37109375 0.0953125 0.1390625
0 0.3640625 0.46640625 0.096875 0.1546875
0 0.634375 0.53515625 0.0984375 0.153125
0 0.7390625 0.5796875 0.1 0.1609375
0 0.078125 0.48359375 0.11875 0.1609375
0 0.878125 0.7296875 0.24375 0.490625
0 0.47734375 0.65 0.159375 0.259375