0 0.96796875 0.3203125 0.0234375 0.0375
0 0.8265625 0.3171875 0.0375 0.0765625
0 0.76015625 0.33046875 0.034375 0.0625
0 0.99453125 0.365625 0.0109375 0.04375
0 0.98125 0.36953125 0.0328125 0.06875
0 0.62421875 0.3390625 0.028125 0.0671875
0 0.77734375 0.371875 0.025 0.046875
0 0.41015625 0.353125 0.0484375 0.0921875
0 0.890625 0.40390625 0.1234375 0.21875
0 0.67265625 0.4 0.090625 0.2
0 0.74453125 0.4421875 0.078125 0.146875
0 0.46875 0.42421875 0.0796875 0.14375
0 0.3578125 0.434375 0.0796875 0.153125
0 0.97890625 0.54296875 0.0421875 0.1453125
0 0.15546875 0.53046875 0.228125 0.4765625
0 0.58125 0.58046875 0.1265625 0.2453125
0 0.04921875 0.63515625 0.0984375 0.3015625