0 0.52890625 0.37265625 0.271875 0.4953125
0 0.8234375 0.42890625 0.23125 0.328125
0 0.0359375 0.48671875 0.071875 0.1421875
0 0.41328125 0.48515625 0.05 0.140625
0 0.21015625 0.49296875 0.0953125 0.215625
0 0.940625 0.48515625 0.065625 0.1375
0 0.28671875 0.49921875 0.1453125 0.2453125
0 0.9890625 0.4890625 0.021875 0.08125
0 0.70390625 0.5 0.034375 0.0625
0 0.15625 0.51015625 0.0421875 0.1109375
0 0.6484375 0.50625 0.05 0.1265625
0 0.36015625 0.54921875 0.034375 0.0609375
0 0.0328125 0.63828125 0.0640625 0.196875