0 0.53828125 0.33671875 0.3015625 0.4875
0 0.8046875 0.42734375 0.246875 0.328125
0 0.0546875 0.378125 0.1 0.140625
0 0.415625 0.42578125 0.0609375 0.134375
0 0.22578125 0.40703125 0.1109375 0.2078125
0 0.90546875 0.49453125 0.075 0.134375
0 0.29609375 0.421875 0.159375 0.2421875
0 0.95625 0.5046875 0.0375 0.078125
0 0.68359375 0.47734375 0.0375 0.0609375
0 0.1734375 0.415625 0.05 0.1078125
0 0.63203125 0.47578125 0.059375 0.121875
0 0.3578125 0.47890625 0.0375 0.0609375
0 0.03984375 0.51640625 0.0796875 0.1921875