0 0.24765625 0.184375 0.0640625 0.1171875
0 0.28359375 0.20078125 0.01875 0.05625
0 0.43515625 0.20703125 0.0484375 0.075
0 0.61328125 0.21875 0.025 0.0484375
0 0.840625 0.23125 0.0953125 0.1515625
0 0.3890625 0.2265625 0.0421875 0.0640625
0 0.5078125 0.23046875 0.0546875 0.0890625
0 0.15859375 0.2453125 0.021875 0.04375
0 0.93671875 0.27578125 0.0734375 0.146875
0 0.76328125 0.28046875 0.0671875 0.103125
0 0.4578125 0.2828125 0.0578125 0.0890625
0 0.33046875 0.28984375 0.03125 0.04375
0 0.64921875 0.2953125 0.0484375 0.084375