0 0.178125 0.2234375 0.078125 0.1265625
0 0.21796875 0.23515625 0.0234375 0.059375
0 0.37578125 0.2234375 0.0578125 0.0828125
0 0.5625 0.2125 0.0296875 0.0515625
0 0.79921875 0.1953125 0.1140625 0.1640625
0 0.3296875 0.2484375 0.0484375 0.0703125
0 0.4546875 0.2375 0.0640625 0.096875
0 0.09375 0.29765625 0.028125 0.046875
0 0.9046875 0.2296875 0.0890625 0.1578125
0 0.725 0.25703125 0.078125 0.1140625
0 0.40859375 0.2984375 0.06875 0.096875
0 0.27734375 0.321875 0.0359375 0.046875
0 0.60859375 0.28671875 0.059375 0.0921875