0 0.81484375 0.22578125 0.084375 0.1328125
0 0.77421875 0.2359375 0.0265625 0.0609375
0 0.6140625 0.21484375 0.0625 0.0859375
0 0.425 0.19375 0.0328125 0.0546875
0 0.184375 0.1640625 0.1234375 0.171875
0 0.659375 0.24296875 0.053125 0.0734375
0 0.53359375 0.225 0.0703125 0.1
0 0.896875 0.3046875 0.0296875 0.0484375
0 0.07890625 0.19296875 0.0953125 0.1625
0 0.25703125 0.2296875 0.0859375 0.11875
0 0.57578125 0.2890625 0.075 0.1
0 0.70859375 0.3203125 0.0390625 0.05
0 0.37421875 0.2671875 0.0640625 0.0953125