0 0.73671875 0.16328125 0.0546875 0.0921875
0 0.86953125 0.1640625 0.0890625 0.1796875
0 0.453125 0.2484375 0.0953125 0.2078125
0 0.20625 0.27109375 0.1078125 0.221875
0 0.07890625 0.31640625 0.1078125 0.2
0 0.521875 0.3046875 0.0984375 0.2234375
0 0.95859375 0.3125 0.075 0.221875
0 0.15 0.4453125 0.0890625 0.1796875
0 0.865625 0.4140625 0.06875 0.128125
0 0.615625 0.49375 0.090625 0.1765625
0 0.42265625 0.540625 0.14375 0.3046875
0 0.315625 0.56796875 0.103125 0.2265625
0 0.16875 0.63828125 0.0953125 0.2015625
0 0.875 0.60234375 0.1703125 0.328125
0 0.61328125 0.67890625 0.1 0.2234375
0 0.671875 0.13203125 0.084375 0.1671875