0 0.1703125 0.215625 0.0578125 0.0953125
0 0.040625 0.23828125 0.08125 0.1859375
0 0.4703125 0.25703125 0.1015625 0.2140625
0 0.7234375 0.240625 0.1140625 0.2296875
0 0.859375 0.26640625 0.1125 0.20625
0 0.41015625 0.325 0.103125 0.2296875
0 0.8078125 0.4078125 0.09375 0.1859375
0 0.07890625 0.490625 0.0734375 0.13125
0 0.3453125 0.53125 0.0953125 0.1828125
0 0.54765625 0.54765625 0.1515625 0.3140625
0 0.659375 0.5578125 0.1078125 0.23125
0 0.81875 0.60625 0.1 0.2078125
0 0.1 0.68203125 0.18125 0.3375
0 0.3765625 0.71875 0.10625 0.2296875
0 0.2296875 0.17421875 0.090625 0.171875