0 0.78515625 0.1140625 0.0515625 0.0921875
0 0.921875 0.12265625 0.0796875 0.1796875
0 0.49375 0.18515625 0.0859375 0.2078125
0 0.24140625 0.1953125 0.0984375 0.221875
0 0.11015625 0.23515625 0.0984375 0.2
0 0.56015625 0.246875 0.0875 0.2234375
0 0.98515625 0.27890625 0.025 0.221875
0 0.17578125 0.36875 0.08125 0.1796875
0 0.9046875 0.37578125 0.0640625 0.1265625
0 0.64609375 0.44375 0.0828125 0.1765625
0 0.44765625 0.48046875 0.1296875 0.3046875
0 0.3375 0.503125 0.0921875 0.225
0 0.18515625 0.56640625 0.0859375 0.2
0 0.90390625 0.5671875 0.1578125 0.3265625
0 0.63359375 0.63125 0.0890625 0.2234375
0 0.721875 0.08046875 0.078125 0.1609375