0 0.5671875 0.1421875 0.05625 0.0765625
0 0.27265625 0.084375 0.08125 0.121875
0 0.40390625 0.15078125 0.0765625 0.121875
0 0.57890625 0.2015625 0.078125 0.1078125
0 0.66328125 0.22421875 0.090625 0.1328125
0 0.61796875 0.2234375 0.059375 0.1
0 0.803125 0.27578125 0.0890625 0.1203125
0 0.8828125 0.29609375 0.078125 0.1046875
0 0.23828125 0.14765625 0.0703125 0.1015625
0 0.54609375 0.23828125 0.0875 0.1390625
0 0.9875 0.359375 0.025 0.128125
0 0.25234375 0.23046875 0.11875 0.1890625
0 0.46484375 0.29296875 0.11875 0.171875
0 0.3375 0.28984375 0.14375 0.209375
0 0.096875 0.29453125 0.1734375 0.265625
0 0.15859375 0.3171875 0.09375 0.1640625