0 0.47109375 0.13359375 0.04375 0.071875
0 0.16328125 0.1390625 0.0609375 0.115625
0 0.30859375 0.178125 0.05625 0.1171875
0 0.4953125 0.1921875 0.0609375 0.1015625
0 0.584375 0.19609375 0.06875 0.125
0 0.5390625 0.20546875 0.0421875 0.096875
0 0.7359375 0.21796875 0.0703125 0.1140625
0 0.8203125 0.221875 0.0609375 0.0984375
0 0.14140625 0.2109375 0.053125 0.096875
0 0.4703125 0.23515625 0.0625 0.134375
0 0.96875 0.25546875 0.0625 0.1234375
0 0.1734375 0.290625 0.0875 0.1828125
0 0.4 0.30859375 0.090625 0.1625
0 0.271875 0.3328125 0.109375 0.2
0 0.046875 0.38984375 0.09375 0.2515625
0 0.096875 0.39765625 0.065625 0.159375
0 0.93046875 0.09921875 0.021875 0.0375