1 0.27890625 0.31796875 0.18359375 0.1953125
1 0.0515625 0.30703125 0.09765625 0.2
1 0.68359375 0.31015625 0.19296875 0.19765625
1 0.46171875 0.26796875 0.18671875 0.16640625
1 0.20625 0.221875 0.15703125 0.1734375
1 0.58046875 0.19921875 0.1515625 0.14453125
1 0.80390625 0.2296875 0.16015625 0.20234375
1 0.125 0.21640625 0.125 0.14453125
1 0.04453125 0.1640625 0.0828125 0.1109375
1 0.43046875 0.1421875 0.13046875 0.1203125
1 0.90390625 0.22421875 0.09765625 0.16015625
1 0.25078125 0.15078125 0.12734375 0.10703125
1 0.7390625 0.0546875 0.10078125 0.0734375
1 0.83671875 0.10078125 0.1125 0.1046875
1 0.95703125 0.1953125 0.08046875 0.1640625
1 0.37421875 0.07578125 0.0953125 0.09765625
1 0.31328125 0.1265625 0.09765625 0.1109375