1 0.03515625 0.4015625 0.06171875 0.10390625
0 0.95703125 0.475 0.08203125 0.1546875
0 0.228125 0.42109375 0.06015625 0.09609375
0 0.55390625 0.39609375 0.04765625 0.09296875
0 0.47421875 0.39296875 0.05625 0.071875
0 0.32578125 0.38515625 0.04765625 0.09296875
0 0.153125 0.375 0.04609375 0.071875
1 0.26796875 0.353125 0.03984375 0.06640625
0 0.26171875 0.38671875 0.0359375 0.05859375
0 0.39765625 0.37734375 0.0359375 0.071875
0 0.45 0.36953125 0.0359375 0.07734375
0 0.625 0.3734375 0.04609375 0.075
0 0.515625 0.35703125 0.03203125 0.053125