0 0.165625 0.51484375 0.06015625 0.096875
0 0.4859375 0.50859375 0.046875 0.08359375
0 0.95546875 0.5203125 0.03984375 0.06640625
0 0.27421875 0.53671875 0.02890625 0.06015625
0 0.3125 0.53203125 0.02890625 0.05703125
0 0.365625 0.53515625 0.03359375 0.05703125
0 0.39140625 0.528125 0.021875 0.05703125
0 0.44921875 0.5234375 0.0359375 0.06640625
0 0.5765625 0.54140625 0.0421875 0.0703125
0 0.79765625 0.53203125 0.03984375 0.0703125
0 0.9140625 0.53203125 0.0375 0.05703125
0 0.84296875 0.53671875 0.0375 0.06015625
0 0.73984375 0.51171875 0.0359375 0.06328125
0 0.63203125 0.5515625 0.03359375 0.06328125
0 0.6578125 0.54296875 0.0265625 0.06640625
0 0.05546875 0.53671875 0.03125 0.06015625
0 0.02109375 0.54296875 0.0375 0.06640625
0 0.20234375 0.5265625 0.0265625 0.06640625