1 0.38125 0.41484375 0.0578125 0.103125
1 0.50234375 0.409375 0.05234375 0.109375
1 0.23203125 0.46328125 0.05234375 0.109375
1 0.940625 0.46640625 0.04609375 0.109375
0 0.83671875 0.4546875 0.05390625 0.096875
0 0.14921875 0.4625 0.05390625 0.10625
0 0.65390625 0.42890625 0.04375 0.0875
1 0.31484375 0.4390625 0.03828125 0.08515625
0 0.5359375 0.43515625 0.0359375 0.08203125
0 0.734375 0.459375 0.0359375 0.06328125
0 0.4546875 0.4453125 0.0296875 0.06640625
0 0.61015625 0.43671875 0.03984375 0.0609375