1 0.63125 0.12109375 0.0703125 0.134375
1 0.5703125 0.225 0.071875 0.17578125
1 0.81796875 0.353125 0.12421875 0.23984375
1 0.40703125 0.1515625 0.07421875 0.17578125
1 0.715625 0.09453125 0.071875 0.12421875
1 0.51484375 0.1265625 0.06171875 0.11796875
1 0.70703125 0.2125 0.078125 0.18203125
1 0.9078125 0.1484375 0.08828125 0.16328125
1 0.20234375 0.4171875 0.13984375 0.25859375
1 0.27421875 0.23671875 0.0796875 0.16640625
1 0.771875 0.19453125 0.071875 0.16640625
1 0.10078125 0.23125 0.09375 0.18203125
1 0.56796875 0.09921875 0.05625 0.12109375
1 0.08515625 0.39609375 0.1296875 0.25546875
1 0.63828125 0.28125 0.09609375 0.2046875
1 0.3453125 0.3 0.10625 0.2109375
1 0.4640625 0.2734375 0.10390625 0.24609375
1 0.971875 0.31484375 0.05234375 0.2203125
1 0.34765625 0.10390625 0.04765625 0.11796875
1 0.24296875 0.1375 0.06171875 0.10234375