1 0.07734375 0.39296875 0.01796875 0.046875
1 0.4484375 0.3515625 0.01953125 0.04296875
1 0.5125 0.503125 0.025 0.053125
1 0.8125 0.53828125 0.0296875 0.08984375
1 0.9328125 0.5546875 0.0359375 0.08359375
1 0.67734375 0.3796875 0.01640625 0.03984375
1 0.665625 0.36328125 0.015625 0.03984375
1 0.25390625 0.278125 0.0109375 0.03671875
1 0.23984375 0.29296875 0.0109375 0.03359375
2 0.0734375 0.48671875 0.040625 0.2203125
2 0.2390625 0.346875 0.01640625 0.13984375
2 0.25625 0.3296875 0.01796875 0.1203125
2 0.51640625 0.63515625 0.040625 0.3234375
2 0.4421875 0.41171875 0.03203125 0.16328125
2 0.68515625 0.475 0.0296875 0.2234375
2 0.6609375 0.44140625 0.02109375 0.18984375
2 0.809375 0.6953125 0.07421875 0.3703125
2 0.94375 0.75859375 0.103125 0.4765625