1 0.28671875 0.40390625 0.078125 0.14609375
1 0.47734375 0.3796875 0.08203125 0.15234375
1 0.203125 0.45625 0.10625 0.18203125
1 0.42265625 0.2265625 0.065625 0.14296875
1 0.59921875 0.64140625 0.11796875 0.20703125
1 0.87734375 0.6109375 0.12578125 0.1640625
1 0.7953125 0.3984375 0.08203125 0.103125
1 0.29375 0.171875 0.05234375 0.13046875
1 0.47734375 0.13203125 0.05390625 0.1125
1 0.7109375 0.12734375 0.06171875 0.14609375
1 0.37578125 0.7859375 0.16015625 0.2703125
1 0.653125 0.440625 0.09375 0.1703125