0 0.9703125 0.67265625 0.0359375 0.071875
0 0.13828125 0.58984375 0.03203125 0.06328125
0 0.17578125 0.6140625 0.04375 0.08125
0 0.26328125 0.60625 0.0421875 0.06640625
0 0.34609375 0.615625 0.0359375 0.0484375
0 0.403125 0.63984375 0.034375 0.06640625
0 0.4953125 0.65625 0.04609375 0.06875
0 0.52578125 0.62890625 0.028125 0.05078125
0 0.55078125 0.6234375 0.034375 0.06875
0 0.59609375 0.6484375 0.03203125 0.0484375
0 0.62578125 0.6625 0.04375 0.075
0 0.68125 0.66796875 0.03828125 0.06328125
0 0.76796875 0.65 0.04375 0.075
0 0.84375 0.6625 0.03984375 0.06875
0 0.909375 0.6875 0.0421875 0.06015625