1 0.48828125 0.28046875 0.06796875 0.14140625
1 0.61875 0.28203125 0.065625 0.13203125
1 0.9109375 0.29765625 0.078125 0.13828125
1 0.29375 0.28828125 0.06796875 0.13203125
1 0.76015625 0.33203125 0.06015625 0.10546875
1 0.4390625 0.32421875 0.05 0.09609375
1 0.10703125 0.3421875 0.03828125 0.10234375
1 0.84296875 0.346875 0.05 0.08125
1 0.546875 0.353125 0.05 0.09921875
1 0.2171875 0.35 0.05 0.09921875
1 0.14609375 0.37265625 0.03984375 0.078125
1 0.0796875 0.35546875 0.028125 0.09921875
1 0.67109375 0.32734375 0.04609375 0.1203125
1 0.7953125 0.3546875 0.03828125 0.09609375