1 0.8328125 0.2328125 0.08203125 0.153125
1 0.11328125 0.24921875 0.0703125 0.13828125
1 0.63203125 0.265625 0.06796875 0.13515625
1 0.3453125 0.259375 0.065625 0.13515625
1 0.50703125 0.2734375 0.06171875 0.14453125
1 0.4578125 0.2609375 0.05234375 0.13203125
1 0.7046875 0.3125 0.04609375 0.084375
0 0.22109375 0.2703125 0.065625 0.10234375
0 0.27890625 0.2671875 0.0421875 0.078125
1 0.75390625 0.303125 0.03984375 0.084375
0 0.15 0.2625 0.03984375 0.08125
0 0.078125 0.28359375 0.03984375 0.10546875
0 0.57421875 0.28984375 0.03984375 0.05078125
0 0.41484375 0.278125 0.034375 0.06328125