1 0.28203125 0.5078125 0.05234375 0.10390625
1 0.809375 0.5109375 0.06171875 0.08828125
1 0.52109375 0.47890625 0.04609375 0.0984375
1 0.38515625 0.50234375 0.05 0.08828125
1 0.646875 0.471875 0.05390625 0.090625
1 0.5828125 0.490625 0.05 0.09609375
1 0.71796875 0.3265625 0.06015625 0.0984375
1 0.6171875 0.30390625 0.05390625 0.09609375
1 0.471875 0.49609375 0.04765625 0.09609375
1 0.525 0.15078125 0.05 0.0984375
1 0.74609375 0.51875 0.05625 0.09296875
1 0.15625 0.49296875 0.06015625 0.08515625
1 0.21328125 0.4640625 0.05 0.075
1 0.24609375 0.40390625 0.03984375 0.0828125
1 0.3578125 0.34140625 0.04375 0.1015625
1 0.46328125 0.32265625 0.03828125 0.08515625