0 0.88125 0.3515625 0.08515625 0.15703125
0 0.6515625 0.3484375 0.05546875 0.1296875
0 0.5359375 0.375 0.06328125 0.1296875
0 0.77109375 0.34296875 0.0609375 0.1203125
0 0.59453125 0.3734375 0.05 0.11328125
0 0.3125 0.36015625 0.05 0.1203125
0 0.1921875 0.3953125 0.05390625 0.1234375
0 0.0265625 0.43515625 0.05 0.1296875
0 0.265625 0.403125 0.0484375 0.10703125
0 0.3484375 0.38359375 0.04453125 0.1
0 0.40546875 0.36796875 0.04296875 0.08359375
0 0.96875 0.3484375 0.03359375 0.08359375
0 0.6875 0.35703125 0.03515625 0.08671875
0 0.721875 0.36484375 0.03359375 0.08984375