1 0.43984375 0.30546875 0.1203125 0.2140625
1 0.6 0.34609375 0.084375 0.15078125
1 0.80703125 0.26640625 0.0859375 0.171875
1 0.084375 0.378125 0.1 0.17734375
1 0.20625 0.3703125 0.0921875 0.175
1 0.73828125 0.25 0.115625 0.2109375
1 0.53125 0.3703125 0.065625 0.11484375
1 0.378125 0.33125 0.08828125 0.175
1 0.92734375 0.09609375 0.1421875 0.18671875
2 0.07265625 0.64609375 0.13828125 0.68984375
2 0.21875 0.64140625 0.14609375 0.6984375
2 0.35078125 0.625 0.134375 0.74375
2 0.4390625 0.60546875 0.321875 0.7828125
2 0.6296875 0.63671875 0.12421875 0.71953125
2 0.77890625 0.5765625 0.221875 0.840625
2 0.92734375 0.5 0.1421875 0.99375