1 0.1953125 0.40234375 0.05 0.08984375
1 0.765625 0.40234375 0.04375 0.078125
1 0.13203125 0.37421875 0.05234375 0.09296875
1 0.29609375 0.3875 0.03984375 0.084375
1 0.37890625 0.39921875 0.0421875 0.084375
1 0.415625 0.4140625 0.03203125 0.06640625
1 0.4796875 0.41328125 0.028125 0.05703125
1 0.51015625 0.39453125 0.0359375 0.075
1 0.546875 0.40546875 0.02578125 0.078125
1 0.57578125 0.390625 0.03984375 0.084375
1 0.61015625 0.41328125 0.0359375 0.075
1 0.67265625 0.40703125 0.0421875 0.08125
1 0.71875 0.40234375 0.0421875 0.078125