0 0.47734375 0.41953125 0.03828125 0.07890625
0 0.08203125 0.39375 0.05625 0.09453125
0 0.22109375 0.41484375 0.05 0.08828125
0 0.1921875 0.40390625 0.03203125 0.0671875
0 0.2828125 0.3953125 0.0421875 0.08515625
0 0.31015625 0.42421875 0.03984375 0.06953125
0 0.3546875 0.4375 0.0421875 0.08515625
0 0.39375 0.4390625 0.0359375 0.07578125
0 0.65234375 0.41796875 0.05625 0.08828125
0 0.959375 0.440625 0.034375 0.07265625
0 0.934375 0.4484375 0.028125 0.0640625
0 0.82578125 0.45625 0.04765625 0.07890625
0 0.7328125 0.42890625 0.0421875 0.07890625