0 0.17421875 0.28046875 0.1078125 0.17109375
0 0.8671875 0.2984375 0.065625 0.13515625
0 0.56875 0.265625 0.08203125 0.16484375
0 0.34765625 0.25078125 0.09609375 0.159375
0 0.7421875 0.23125 0.1078125 0.20390625
0 0.96171875 0.26875 0.05625 0.13515625
0 0.5171875 0.315625 0.0421875 0.10234375
0 0.62109375 0.28515625 0.0421875 0.10234375
0 0.096875 0.3125 0.05 0.10234375
0 0.24609375 0.309375 0.03203125 0.071875
0 0.028125 0.33046875 0.05234375 0.1078125
0 0.46796875 0.31796875 0.03203125 0.06015625
0 0.65078125 0.303125 0.0421875 0.084375
0 0.41875 0.3390625 0.0421875 0.078125
0 0.396875 0.28203125 0.034375 0.08984375
0 0.9828125 0.21640625 0.0296875 0.1921875