0 0.2203125 0.22421875 0.08828125 0.14609375
0 0.75390625 0.27578125 0.06796875 0.1203125
0 0.06015625 0.26953125 0.06015625 0.11796875
0 0.815625 0.29140625 0.04765625 0.08984375
0 0.440625 0.28828125 0.04609375 0.084375
0 0.16328125 0.25625 0.05 0.0875
0 0.584375 0.28359375 0.04765625 0.07421875
0 0.39921875 0.24609375 0.05390625 0.0875
0 0.4859375 0.278125 0.0359375 0.05390625
0 0.66015625 0.28984375 0.0359375 0.0765625
0 0.71484375 0.28046875 0.03828125 0.0640625
0 0.8609375 0.31015625 0.05 0.0875
0 0.97734375 0.30859375 0.03828125 0.115625
0 0.634375 0.30234375 0.03203125 0.06171875