1 0.07109375 0.36953125 0.04921875 0.11640625
1 0.19765625 0.3578125 0.04453125 0.12109375
1 0.34453125 0.37421875 0.04921875 0.12578125
1 0.3 0.44453125 0.0359375 0.09765625
1 0.403125 0.453125 0.03359375 0.10703125
1 0.4546875 0.39296875 0.05078125 0.10703125
1 0.4921875 0.4140625 0.03359375 0.10234375
1 0.53671875 0.4671875 0.03359375 0.09765625
1 0.57578125 0.44453125 0.04453125 0.10703125
1 0.63125 0.40703125 0.0265625 0.09765625
1 0.65546875 0.43515625 0.03984375 0.11640625
1 0.703125 0.40703125 0.0421875 0.12578125
1 0.79765625 0.44453125 0.03984375 0.09765625
1 0.934375 0.4421875 0.05078125 0.13046875