1 0.89609375 0.409375 0.06015625 0.0984375
1 0.40625 0.5796875 0.06015625 0.09296875
1 0.27265625 0.64921875 0.06171875 0.09296875
1 0.70078125 0.61171875 0.05 0.08828125
1 0.040625 0.40390625 0.03828125 0.06171875
1 0.2671875 0.40390625 0.034375 0.0453125
1 0.31875 0.37734375 0.034375 0.05625
1 0.63203125 0.58515625 0.05625 0.08828125
1 0.81484375 0.58125 0.05390625 0.075
1 0.94375 0.40546875 0.05625 0.0796875
1 0.6046875 0.48515625 0.0296875 0.04765625
1 0.48671875 0.4 0.0296875 0.04765625
1 0.72734375 0.48125 0.0296875 0.05078125