1 0.634375 0.7609375 0.08828125 0.07890625
1 0.328125 0.73203125 0.05625 0.05078125
1 0.434375 0.75234375 0.04375 0.05078125
1 0.54765625 0.29140625 0.03984375 0.03359375
0 0.09765625 0.7203125 0.0359375 0.0265625
0 0.2171875 0.73125 0.034375 0.025
0 0.04609375 0.70390625 0.03203125 0.0265625
0 0.15703125 0.7296875 0.0296875 0.02265625
0 0.1328125 0.7109375 0.02578125 0.02109375
0 0.19609375 0.7203125 0.028125 0.02421875
0 0.24609375 0.72265625 0.028125 0.0265625
0 0.27421875 0.71796875 0.0359375 0.028125
0 0.4640625 0.7265625 0.03203125 0.01875
0 0.55 0.7328125 0.028125 0.025
0 0.790625 0.740625 0.0296875 0.02265625
0 0.41484375 0.7265625 0.02578125 0.02109375