0 0.08203125 0.2796875 0.065625 0.1203125
0 0.11328125 0.33671875 0.03671875 0.0796875
0 0.14453125 0.33671875 0.03125 0.0734375
0 0.2328125 0.28203125 0.04375 0.08984375
1 0.26484375 0.3046875 0.034375 0.08984375
0 0.328125 0.31328125 0.0328125 0.09296875
0 0.35390625 0.30859375 0.034375 0.0703125
0 0.43828125 0.2984375 0.03125 0.0703125
0 0.4671875 0.31796875 0.03125 0.06328125
0 0.5296875 0.31640625 0.03671875 0.06640625
0 0.56171875 0.34140625 0.02734375 0.0703125
0 0.5984375 0.34296875 0.02734375 0.06640625
0 0.69765625 0.33671875 0.02578125 0.06640625
0 0.8484375 0.28671875 0.02890625 0.0734375
0 0.8234375 0.29140625 0.021875 0.05703125