1 0.134375 0.28203125 0.071875 0.10234375
1 0.3796875 0.36328125 0.04765625 0.084375
1 0.33515625 0.36953125 0.03828125 0.071875
1 0.6296875 0.36796875 0.04375 0.08125
1 0.58125 0.35703125 0.0421875 0.078125
1 0.69375 0.36796875 0.03984375 0.075
1 0.74921875 0.36015625 0.0421875 0.084375
1 0.82890625 0.36953125 0.03828125 0.084375
1 0.865625 0.340625 0.04765625 0.08671875
1 0.23671875 0.37265625 0.04609375 0.078125
1 0.040625 0.3828125 0.04609375 0.09921875
1 0.14296875 0.35859375 0.034375 0.08125
1 0.1609375 0.37421875 0.034375 0.09296875