1 0.115625 0.3078125 0.0796875 0.17109375
1 0.8578125 0.32890625 0.06796875 0.13359375
1 0.6859375 0.30625 0.0921875 0.16796875
1 0.37578125 0.31796875 0.0796875 0.1453125
1 0.971875 0.353125 0.05234375 0.17109375
1 0.4359375 0.33359375 0.05625 0.10859375
1 0.24609375 0.34453125 0.05234375 0.10859375
1 0.48515625 0.353125 0.05390625 0.11953125
1 0.653125 0.31796875 0.0578125 0.13984375
1 0.5328125 0.3703125 0.03828125 0.08515625
0 0.58515625 0.34921875 0.0421875 0.08828125
1 0.30625 0.3703125 0.03984375 0.07421875
1 0.07890625 0.3515625 0.0578125 0.1171875