1 0.42421875 0.24609375 0.11484375 0.13828125
1 0.50390625 0.28359375 0.15390625 0.17265625
1 0.95703125 0.28203125 0.06015625 0.08125
1 0.74765625 0.275 0.06640625 0.08125
1 0.85390625 0.3828125 0.05859375 0.0765625
1 0.70390625 0.32421875 0.075 0.09609375
0 0.75 0.14921875 0.05 0.0765625
0 0.640625 0.16640625 0.04375 0.06640625
0 0.56953125 0.1640625 0.06015625 0.07109375
0 0.296875 0.24765625 0.05234375 0.07109375
0 0.33203125 0.1640625 0.05625 0.0765625
0 0.49140625 0.1640625 0.05390625 0.07109375
0 0.1875 0.146875 0.04140625 0.06640625