1 0.84765625 0.31015625 0.07265625 0.1109375
1 0.93125 0.2921875 0.0625 0.10703125
1 0.7125 0.2921875 0.053125 0.09375
1 0.41484375 0.2953125 0.05 0.0875
1 0.56171875 0.30234375 0.0578125 0.09375
1 0.66171875 0.290625 0.04296875 0.08359375
1 0.3 0.31875 0.04765625 0.08046875
1 0.49375 0.296875 0.04296875 0.07734375
1 0.09921875 0.296875 0.04765625 0.08359375
1 0.18828125 0.409375 0.06015625 0.0671875
1 0.19609375 0.30703125 0.03515625 0.0640625
1 0.7609375 0.3203125 0.05 0.1109375
1 0.53125 0.31875 0.04296875 0.0875