1 0.9453125 0.2875 0.0703125 0.159375
1 0.04921875 0.353125 0.0578125 0.13125
1 0.753125 0.3234375 0.0578125 0.128125
1 0.84921875 0.31796875 0.0578125 0.13125
1 0.6546875 0.321875 0.05390625 0.11796875
1 0.49921875 0.34453125 0.05390625 0.1140625
1 0.275 0.3359375 0.0578125 0.10390625
1 0.1953125 0.37890625 0.05390625 0.10703125
1 0.584375 0.353125 0.05625 0.11796875
1 0.13984375 0.36015625 0.04765625 0.1109375
1 0.42109375 0.340625 0.04609375 0.10703125
1 0.346875 0.37890625 0.04609375 0.10703125