0 0.06484375 0.315625 0.065625 0.11484375
0 0.1828125 0.2640625 0.065625 0.11171875
0 0.22890625 0.1921875 0.05390625 0.10703125
0 0.3078125 0.275 0.0640625 0.11171875
0 0.3671875 0.24375 0.0578125 0.109375
0 0.428125 0.1828125 0.05234375 0.07734375
0 0.478125 0.2796875 0.0640625 0.09609375
0 0.503125 0.2109375 0.05 0.09609375
0 0.61171875 0.21171875 0.06015625 0.09296875
0 0.80625 0.3546875 0.05625 0.08515625
0 0.6640625 0.21875 0.05234375 0.09609375
0 0.94375 0.31171875 0.06796875 0.13359375
0 0.83984375 0.265625 0.05625 0.09296875
0 0.7671875 0.22265625 0.065625 0.10390625
0 0.76171875 0.14296875 0.04765625 0.07734375
0 0.83828125 0.17578125 0.05625 0.08515625