1 0.3328125 0.1953125 0.05 0.078125
1 0.67421875 0.1625 0.05234375 0.09609375
1 0.13984375 0.2234375 0.03984375 0.08671875
1 0.21015625 0.25546875 0.0359375 0.071875
1 0.22890625 0.22109375 0.0296875 0.06328125
1 0.83203125 0.31796875 0.0640625 0.13203125
1 0.70078125 0.17421875 0.034375 0.08984375
1 0.60234375 0.1984375 0.04375 0.08984375
1 0.4421875 0.21484375 0.04375 0.09296875
1 0.48671875 0.2390625 0.05 0.08671875
1 0.53828125 0.23125 0.02421875 0.05390625
1 0.08203125 0.21484375 0.04375 0.08125
1 0.01328125 0.20703125 0.021875 0.084375