1 0.59765625 0.18828125 0.071875 0.12890625
1 0.38125 0.19765625 0.0703125 0.1046875
1 0.76875 0.2703125 0.09375 0.16796875
1 0.06171875 0.259375 0.1203125 0.228125
1 0.94609375 0.24296875 0.05625 0.09609375
1 0.2703125 0.22109375 0.04375 0.07421875
1 0.23203125 0.19375 0.0359375 0.06328125
0 0.34375 0.21328125 0.03203125 0.06875
1 0.42734375 0.2140625 0.034375 0.08828125
1 0.478125 0.21015625 0.0359375 0.06875
1 0.51171875 0.20859375 0.03984375 0.0765625
0 0.1546875 0.203125 0.0421875 0.04921875
1 0.1828125 0.1828125 0.034375 0.05234375
0 0.83203125 0.2609375 0.05234375 0.12109375
1 0.71875 0.18125 0.034375 0.0546875