1 0.334375 0.4015625 0.07578125 0.153125
1 0.68671875 0.434375 0.065625 0.13046875
1 0.109375 0.4296875 0.06171875 0.12734375
1 0.04765625 0.45078125 0.06015625 0.10546875
1 0.5046875 0.4140625 0.05390625 0.1015625
1 0.63671875 0.4859375 0.0421875 0.0859375
1 0.86484375 0.47109375 0.03828125 0.0828125
1 0.940625 0.49375 0.05 0.0765625
1 0.903125 0.47734375 0.03828125 0.0953125
1 0.41015625 0.4859375 0.03203125 0.0671875
1 0.59609375 0.46796875 0.028125 0.05703125
1 0.1578125 0.45859375 0.02421875 0.05703125
1 0.284375 0.45703125 0.0203125 0.04140625