0 0.83515625 0.39921875 0.0859375 0.12578125
0 0.73828125 0.309375 0.05625 0.1140625
0 0.19296875 0.30625 0.121875 0.1859375
0 0.47109375 0.340625 0.0578125 0.09921875
0 0.31328125 0.34375 0.05390625 0.09921875
0 0.790625 0.34375 0.05390625 0.09921875
0 0.13515625 0.2609375 0.05390625 0.14453125
0 0.3859375 0.38125 0.03203125 0.071875
0 0.53671875 0.36328125 0.0421875 0.08984375
0 0.6109375 0.3859375 0.07421875 0.1234375
0 0.58203125 0.32265625 0.06015625 0.10546875
0 0.66015625 0.38125 0.0359375 0.06640625