1 0.36875 0.47109375 0.08984375 0.165625
1 0.2140625 0.36875 0.14375 0.27421875
0 0.725 0.45625 0.07421875 0.14765625
0 0.82578125 0.465625 0.09609375 0.18359375
0 0.540625 0.453125 0.09375 0.171875
0 0.7609375 0.4546875 0.05390625 0.1328125
0 0.63125 0.48828125 0.04609375 0.090625
0 0.98515625 0.5015625 0.02578125 0.09375
1 0.27578125 0.4609375 0.071875 0.15078125
0 0.48125 0.4921875 0.04609375 0.08125
0 0.66484375 0.534375 0.05 0.09921875
0 0.9453125 0.47265625 0.05390625 0.078125
0 0.67578125 0.46875 0.0359375 0.05703125