1 0.49921875 0.12421875 0.078125 0.1203125
1 0.77109375 0.45078125 0.078125 0.1015625
1 0.33984375 0.1703125 0.0640625 0.11171875
1 0.046875 0.31328125 0.05 0.07734375
1 0.21875 0.32421875 0.0578125 0.0828125
1 0.95 0.33984375 0.0359375 0.05625
1 0.9671875 0.2109375 0.0296875 0.053125
1 0.90625 0.290625 0.03203125 0.053125
0 0.115625 0.30390625 0.06015625 0.08515625
0 0.70703125 0.2828125 0.034375 0.04765625
0 0.78203125 0.34140625 0.03984375 0.04765625
0 0.64296875 0.2921875 0.0296875 0.05078125