0 0.81015625 0.44296875 0.0640625 0.11484375
0 0.734375 0.4109375 0.0796875 0.14765625
0 0.0953125 0.43046875 0.1140625 0.19296875
0 0.22109375 0.39921875 0.07421875 0.1234375
0 0.44296875 0.4109375 0.0578125 0.1234375
0 0.33515625 0.34375 0.09375 0.175
0 0.57890625 0.43828125 0.05390625 0.1171875
0 0.65625 0.425 0.05625 0.10234375
0 0.8828125 0.40234375 0.0578125 0.11171875
0 0.025 0.4140625 0.04609375 0.15390625
0 0.5421875 0.43828125 0.04375 0.10546875
0 0.51015625 0.44140625 0.028125 0.06953125