1 0.51796875 0.33984375 0.053125 0.09296875
1 0.71328125 0.4546875 0.0609375 0.11015625
1 0.91171875 0.3296875 0.07421875 0.1203125
1 0.37265625 0.4765625 0.0546875 0.10703125
1 0.66875 0.34140625 0.0546875 0.103125
1 0.55234375 0.428125 0.06796875 0.11015625
1 0.2734375 0.428125 0.0453125 0.08984375
1 0.26015625 0.28828125 0.0453125 0.08359375
1 0.03125 0.41171875 0.04375 0.06328125
1 0.05 0.3546875 0.0359375 0.05703125
1 0.1046875 0.3984375 0.0453125 0.0765625
1 0.1328125 0.3234375 0.04140625 0.06015625
2 0.37734375 0.59140625 0.1140625 0.33671875
2 0.53828125 0.58203125 0.1421875 0.38359375
2 0.6875 0.58515625 0.134375 0.38984375
0 0.8359375 0.41796875 0.08125 0.14296875
2 0.040625 0.503125 0.07421875 0.253125
2 0.1296875 0.4984375 0.096875 0.25
2 0.28359375 0.5546875 0.1046875 0.3234375
1 0.2078125 0.41640625 0.0359375 0.0796875
2 0.215625 0.53984375 0.08515625 0.3203125
2 0.275 0.321875 0.09453125 0.15
1 0.1953125 0.3203125 0.04140625 0.06640625
2 0.1953125 0.33828125 0.071875 0.11640625
2 0.14140625 0.38359375 0.0515625 0.16640625
2 0.0625 0.3984375 0.05703125 0.1296875
2 0.8171875 0.56484375 0.1234375 0.4234375
2 0.5046875 0.36171875 0.10625 0.13671875