0 0.11796875 0.35859375 0.03984375 0.08125
0 0.2546875 0.32890625 0.04609375 0.08671875
0 0.07109375 0.378125 0.03828125 0.06015625
0 0.16015625 0.32734375 0.03984375 0.084375
0 0.325 0.3171875 0.0296875 0.05703125
0 0.353125 0.340625 0.04609375 0.075
0 0.42265625 0.33671875 0.04609375 0.084375
0 0.53203125 0.35 0.03984375 0.075
0 0.56328125 0.32109375 0.034375 0.078125
0 0.596875 0.3453125 0.04609375 0.078125
0 0.746875 0.3421875 0.034375 0.071875
0 0.72578125 0.3109375 0.028125 0.075
0 0.87890625 0.31953125 0.03828125 0.06875
0 0.98515625 0.309375 0.02578125 0.09609375