1 0.13671875 0.32109375 0.04609375 0.10234375
1 0.69765625 0.3140625 0.06015625 0.1234375
1 0.4046875 0.34375 0.06171875 0.1171875
1 0.2421875 0.32265625 0.0640625 0.13515625
1 0.19765625 0.36484375 0.05625 0.1109375
1 0.2828125 0.35 0.034375 0.09296875
1 0.43828125 0.3171875 0.02421875 0.06328125
1 0.478125 0.2984375 0.06796875 0.1234375
0 0.52578125 0.3109375 0.04765625 0.1171875
1 0.5640625 0.32734375 0.03203125 0.06015625
1 0.79921875 0.3109375 0.0421875 0.08125
1 0.871875 0.32578125 0.03984375 0.08671875
1 0.91875 0.3 0.065625 0.15625
1 0.9703125 0.309375 0.05234375 0.10234375