1 0.28515625 0.3734375 0.06171875 0.11328125
1 0.27734375 0.25546875 0.05 0.08671875
1 0.3890625 0.24765625 0.05390625 0.0953125
1 0.4 0.38828125 0.06015625 0.1078125
1 0.52109375 0.38203125 0.06171875 0.11953125
1 0.65390625 0.365625 0.0640625 0.128125
1 0.765625 0.3734375 0.06015625 0.13125
1 0.51015625 0.22421875 0.04765625 0.1015625
1 0.6203125 0.24140625 0.05234375 0.0953125
1 0.728125 0.2640625 0.05625 0.0984375
1 0.8328125 0.26875 0.05390625 0.1078125
1 0.89765625 0.3390625 0.07578125 0.11640625