1 0.1078125 0.453125 0.071875 0.12578125
1 0.1703125 0.3796875 0.05234375 0.10546875
1 0.23203125 0.4328125 0.06015625 0.1203125
1 0.40703125 0.43984375 0.065625 0.13515625
1 0.21015625 0.3171875 0.05625 0.09296875
1 0.24609375 0.2625 0.05625 0.08671875
1 0.309375 0.25703125 0.05 0.09296875
1 0.47109375 0.21171875 0.05 0.08671875
1 0.49921875 0.3046875 0.05 0.1171875
1 0.52109375 0.4140625 0.0578125 0.1203125
1 0.57421875 0.4671875 0.06796875 0.13515625
1 0.57109375 0.240625 0.05390625 0.1078125
1 0.7421875 0.43359375 0.06015625 0.1109375
1 0.69921875 0.3546875 0.05390625 0.09609375
1 0.89375 0.47109375 0.084375 0.15
2 0.08671875 0.696875 0.14609375 0.59453125
2 0.23515625 0.6828125 0.1421875 0.62734375
2 0.40703125 0.6828125 0.18984375 0.62734375
2 0.57734375 0.690625 0.1578125 0.60078125
2 0.69921875 0.7015625 0.13828125 0.59140625
2 0.77421875 0.684375 0.12421875 0.6125
2 0.90234375 0.69375 0.18828125 0.60625
2 0.1640625 0.43671875 0.1 0.21953125
2 0.303125 0.4703125 0.10625 0.20703125
2 0.525 0.47109375 0.1296875 0.228125
2 0.71015625 0.43359375 0.1640625 0.24296875
2 0.35234375 0.3453125 0.0921875 0.17421875
2 0.49375 0.36796875 0.12421875 0.21953125
2 0.58125 0.309375 0.11796875 0.25859375
2 0.4671875 0.2703125 0.11015625 0.20390625
2 0.309375 0.28203125 0.0703125 0.15
2 0.2421875 0.29609375 0.071875 0.146875
2 0.20390625 0.3421875 0.0640625 0.15