1 0.86875 0.30546875 0.0859375 0.165625
1 0.075 0.22421875 0.121875 0.2140625
1 0.13203125 0.378125 0.071875 0.1234375
1 0.21328125 0.415625 0.05390625 0.10234375
1 0.47578125 0.40234375 0.03984375 0.075
1 0.66171875 0.40546875 0.03203125 0.06953125
1 0.79375 0.4203125 0.04375 0.09921875
1 0.2953125 0.4140625 0.0296875 0.06953125
1 0.61171875 0.4203125 0.03984375 0.06953125
1 0.846875 0.39453125 0.04609375 0.11484375
1 0.43125 0.47265625 0.034375 0.05390625
1 0.246875 0.44140625 0.03828125 0.06953125