1 0.0453125 0.4234375 0.0703125 0.1234375
1 0.5140625 0.371875 0.05625 0.1296875
1 0.23515625 0.40390625 0.0578125 0.10859375
1 0.884375 0.34765625 0.071875 0.1296875
1 0.66484375 0.3390625 0.06171875 0.1234375
1 0.73515625 0.3796875 0.05390625 0.10859375
1 0.140625 0.40234375 0.05390625 0.10546875
1 0.784375 0.371875 0.04765625 0.10546875
1 0.41796875 0.38125 0.0640625 0.11171875
1 0.28984375 0.38984375 0.04765625 0.09921875
1 0.46171875 0.3734375 0.0359375 0.10859375
1 0.6296875 0.39140625 0.03203125 0.06640625
1 0.92734375 0.3828125 0.0421875 0.10234375
1 0.60234375 0.40546875 0.028125 0.06328125