1 0.79375 0.48984375 0.06796875 0.10546875
1 0.375 0.55390625 0.05 0.084375
1 0.059375 0.503125 0.0421875 0.05390625
1 0.08125 0.4609375 0.034375 0.0484375
1 0.125 0.490625 0.04609375 0.05390625
1 0.278125 0.51328125 0.05234375 0.06953125
1 0.53828125 0.51171875 0.06015625 0.084375
1 0.64765625 0.4515625 0.05234375 0.07265625
1 0.871875 0.43515625 0.071875 0.09375
1 0.26484375 0.39765625 0.03828125 0.06640625
1 0.50390625 0.44609375 0.04375 0.07265625
1 0.6859375 0.5390625 0.07578125 0.11484375
1 0.15390625 0.43828125 0.04375 0.05703125