1 0.12265625 0.2203125 0.12578125 0.2265625
0 0.03984375 0.3015625 0.07578125 0.128125
0 0.21328125 0.28125 0.09375 0.146875
0 0.346875 0.2625 0.078125 0.1359375
0 0.4953125 0.30546875 0.0578125 0.109375
0 0.525 0.325 0.034375 0.075
0 0.6046875 0.2921875 0.05390625 0.109375
0 0.6390625 0.31875 0.0421875 0.071875
0 0.73125 0.28828125 0.05390625 0.1015625
0 0.75703125 0.30234375 0.03828125 0.07734375
0 0.78125 0.3375 0.034375 0.06640625
0 0.84375 0.33359375 0.03203125 0.04765625
0 0.8890625 0.36171875 0.034375 0.03984375