1 0.5078125 0.55234375 0.06796875 0.13203125
1 0.171875 0.51484375 0.06796875 0.10546875
1 0.15 0.63046875 0.1203125 0.16796875
1 0.3296875 0.62890625 0.10390625 0.1828125
1 0.065625 0.58984375 0.0921875 0.1171875
1 0.05625 0.48359375 0.06015625 0.08984375
1 0.3296875 0.44921875 0.03203125 0.05078125
1 0.42890625 0.49375 0.03828125 0.05703125
1 0.475 0.4921875 0.034375 0.06640625
1 0.72890625 0.5390625 0.0421875 0.06328125
1 0.63671875 0.5046875 0.0296875 0.06015625
1 0.59765625 0.51953125 0.03203125 0.06640625
1 0.55 0.5078125 0.03203125 0.06015625