1 0.815625 0.4265625 0.0640625 0.11953125
1 0.9359375 0.44453125 0.0640625 0.10625
1 0.2890625 0.42421875 0.078125 0.0921875
1 0.6328125 0.4484375 0.05 0.0921875
1 0.55234375 0.46171875 0.05625 0.09765625
1 0.44375 0.4265625 0.05234375 0.0921875
1 0.3796875 0.4609375 0.04375 0.08984375
0 0.7578125 0.45546875 0.03984375 0.07890625
1 0.69296875 0.45625 0.0421875 0.08671875
1 0.87578125 0.45390625 0.05234375 0.08671875
1 0.32578125 0.44140625 0.03203125 0.08984375
1 0.584375 0.47421875 0.028125 0.07890625