1 0.20390625 0.4203125 0.05625 0.0984375
1 0.55625 0.4265625 0.04765625 0.090625
1 0.3328125 0.43984375 0.05390625 0.090625
1 0.134375 0.43046875 0.04765625 0.0828125
1 0.02578125 0.44921875 0.04765625 0.10390625
1 0.3 0.4453125 0.03203125 0.075
1 0.4421875 0.4375 0.04375 0.08515625
1 0.4796875 0.43828125 0.03203125 0.06171875
1 0.5203125 0.4203125 0.028125 0.06171875
1 0.6359375 0.40703125 0.05234375 0.09296875
1 0.890625 0.428125 0.05 0.0828125
1 0.840625 0.43203125 0.034375 0.06953125
1 0.7359375 0.425 0.0359375 0.06640625
1 0.70078125 0.43046875 0.03828125 0.06640625
1 0.671875 0.428125 0.028125 0.06640625