1 0.7546875 0.5078125 0.0703125 0.13828125
1 0.9578125 0.4328125 0.071875 0.13828125
1 0.52890625 0.48046875 0.05390625 0.1078125
1 0.69296875 0.5 0.06171875 0.12890625
1 0.35234375 0.4984375 0.04375 0.10234375
1 0.61015625 0.47734375 0.05625 0.1140625
1 0.11484375 0.48984375 0.05 0.084375
1 0.415625 0.4921875 0.04375 0.08984375
1 0.30234375 0.503125 0.05234375 0.09296875
1 0.41171875 0.44765625 0.03984375 0.084375
1 0.496875 0.48828125 0.04609375 0.10546875
0 0.23671875 0.509375 0.06171875 0.09296875