1 0.44296875 0.4296875 0.06171875 0.1203125
1 0.93203125 0.55390625 0.06796875 0.09921875
1 0.14296875 0.43125 0.04609375 0.075
1 0.55703125 0.43671875 0.0578125 0.08125
1 0.75703125 0.4546875 0.0296875 0.05078125
1 0.72890625 0.39375 0.021875 0.0359375
1 0.31796875 0.39765625 0.05234375 0.075
1 0.265625 0.4625 0.04375 0.084375
1 0.41015625 0.43359375 0.028125 0.06328125
1 0.61015625 0.415625 0.03203125 0.05078125
1 0.38515625 0.3828125 0.021875 0.0453125
1 0.5078125 0.39375 0.02421875 0.0296875
0 0.08125 0.43359375 0.05 0.09921875
0 0.62421875 0.44921875 0.04375 0.08125
0 0.496875 0.4296875 0.0296875 0.05390625
2 0.91328125 0.7234375 0.1703125 0.4265625
2 0.77109375 0.5671875 0.065625 0.2765625
2 0.734375 0.465625 0.04375 0.18046875
0 0.79765625 0.39609375 0.015625 0.0296875
2 0.803125 0.4203125 0.0421875 0.084375
2 0.63984375 0.62890625 0.084375 0.44140625
2 0.45625 0.6828125 0.15234375 0.60390625
2 0.08828125 0.65625 0.13984375 0.54375
2 0.159375 0.5859375 0.08984375 0.36015625
2 0.27109375 0.6453125 0.08203125 0.45625
2 0.3296875 0.59140625 0.07578125 0.45625
2 0.38125 0.43359375 0.0421875 0.153125
2 0.5078125 0.50625 0.071875 0.1953125
2 0.5703125 0.659375 0.084375 0.51328125
2 0.66796875 0.44921875 0.04375 0.1953125
2 0.6359375 0.3546875 0.03984375 0.1078125
1 0.66484375 0.37109375 0.01796875 0.0390625
1 0.6328125 0.32265625 0.021875 0.0390625