1 0.09921875 0.22421875 0.0578125 0.10078125
0 0.7671875 0.19375 0.07421875 0.14296875
0 0.171875 0.18125 0.0640625 0.10703125
0 0.42578125 0.14140625 0.07578125 0.14921875
0 0.90703125 0.14921875 0.06171875 0.121875
0 0.565625 0.2015625 0.06015625 0.121875
0 0.6640625 0.2421875 0.05625 0.1125
0 0.321875 0.23359375 0.06015625 0.11875
1 0.2828125 0.234375 0.0296875 0.0734375
0 0.52734375 0.22578125 0.034375 0.09140625
0 0.953125 0.20703125 0.0578125 0.10390625
0 0.38203125 0.21328125 0.04375 0.09140625