0 0.16015625 0.49609375 0.05234375 0.0796875
0 0.23515625 0.50703125 0.04609375 0.06953125
0 0.28984375 0.490625 0.03984375 0.0640625
0 0.36484375 0.490625 0.034375 0.06953125
0 0.440625 0.471875 0.0421875 0.0640625
0 0.509375 0.515625 0.03828125 0.06171875
0 0.565625 0.49296875 0.0359375 0.05859375
0 0.88671875 0.48515625 0.03828125 0.0640625
0 0.78515625 0.46953125 0.03828125 0.05859375
0 0.82578125 0.5 0.04375 0.06171875
0 0.753125 0.51484375 0.03828125 0.053125
0 0.61015625 0.4828125 0.0359375 0.05859375
0 0.65625 0.5 0.03984375 0.06171875
0 0.70390625 0.50703125 0.0359375 0.05859375