1 0.81484375 0.45078125 0.05 0.090625
1 0.57890625 0.42265625 0.04609375 0.09296875
0 0.93515625 0.45859375 0.09765625 0.165625
0 0.2859375 0.45703125 0.05234375 0.09296875
0 0.48203125 0.45625 0.05625 0.090625
0 0.34375 0.45859375 0.03203125 0.053125
0 0.07578125 0.4828125 0.05625 0.075
1 0.178125 0.46796875 0.03984375 0.05625
1 0.6421875 0.44921875 0.028125 0.06171875
1 0.665625 0.4546875 0.028125 0.05625
1 0.6203125 0.44921875 0.02421875 0.05625
0 0.5328125 0.4546875 0.021875 0.06171875
0 0.43828125 0.44375 0.03203125 0.05078125
0 0.3890625 0.471875 0.0296875 0.04765625