1 0.49453125 0.38984375 0.078125 0.13984375
1 0.92578125 0.41953125 0.0953125 0.16875
1 0.43984375 0.4078125 0.0578125 0.11015625
1 0.09296875 0.40234375 0.09296875 0.1453125
1 0.24140625 0.378125 0.06875 0.121875
1 0.7234375 0.39296875 0.08203125 0.15703125
1 0.5359375 0.37109375 0.07109375 0.125
1 0.18203125 0.4125 0.0578125 0.0953125
1 0.04765625 0.43046875 0.05078125 0.125
1 0.31015625 0.4140625 0.03359375 0.07421875
1 0.353125 0.409375 0.04921875 0.0953125
0 0.771875 0.4375 0.0640625 0.10390625