1 0.90625 0.2265625 0.0640625 0.1171875
1 0.3640625 0.24140625 0.05625 0.1171875
1 0.09296875 0.25234375 0.05390625 0.1078125
1 0.5171875 0.2328125 0.05 0.1109375
1 0.68125 0.24140625 0.04609375 0.1109375
1 0.21484375 0.27890625 0.0578125 0.10234375
1 0.45625 0.26875 0.0359375 0.09296875
0 0.7703125 0.2625 0.03984375 0.08671875
1 0.71796875 0.271875 0.0359375 0.075
1 0.57421875 0.25703125 0.0359375 0.08125
1 0.60078125 0.271875 0.0296875 0.06875
1 0.6328125 0.2703125 0.03828125 0.084375
1 0.25390625 0.25859375 0.028125 0.08984375
1 0.3109375 0.2625 0.0296875 0.06328125