1 0.16796875 0.3453125 0.115625 0.309375
1 0.3203125 0.2453125 0.071875 0.1578125
1 0.20234375 0.24375 0.05625 0.125
1 0.078125 0.26171875 0.15234375 0.51796875
0 0.73125 0.33515625 0.065625 0.128125
0 0.61875 0.26171875 0.07421875 0.13671875
0 0.5453125 0.275 0.078125 0.1578125
0 0.8578125 0.3140625 0.06796875 0.128125
0 0.39609375 0.20234375 0.1 0.184375
0 0.9671875 0.32890625 0.06171875 0.11015625
0 0.9171875 0.3125 0.04609375 0.0953125
0 0.45 0.253125 0.04765625 0.13125
0 0.84296875 0.25859375 0.06171875 0.11328125
0 0.675 0.32109375 0.034375 0.08359375