1 0.546875 0.53125 0.07421875 0.12578125
1 0.1546875 0.47421875 0.07421875 0.1203125
1 0.52265625 0.44453125 0.0421875 0.06015625
1 0.74296875 0.45625 0.0421875 0.06015625
0 0.33984375 0.48984375 0.0640625 0.084375
0 0.39609375 0.44609375 0.06015625 0.08125
0 0.465625 0.45625 0.05234375 0.071875
0 0.64296875 0.4671875 0.06171875 0.09296875
0 0.68203125 0.503125 0.04375 0.09296875
1 0.70703125 0.41171875 0.03828125 0.05390625
0 0.60625 0.3921875 0.028125 0.05078125
0 0.64921875 0.37421875 0.0296875 0.05703125
0 0.675 0.38125 0.02578125 0.0484375
0 0.5390625 0.40546875 0.0296875 0.0484375