1 0.41328125 0.16015625 0.065625 0.16015625
1 0.7078125 0.19921875 0.12421875 0.24375
1 0.478125 0.20625 0.06796875 0.12578125
1 0.88671875 0.22890625 0.09765625 0.18359375
1 0.21875 0.240625 0.12578125 0.22890625
1 0.1046875 0.18359375 0.0859375 0.16640625
1 0.34296875 0.20078125 0.08984375 0.16640625
1 0.59296875 0.23671875 0.05 0.10625
1 0.51875 0.2265625 0.02578125 0.1203125
1 0.2828125 0.21796875 0.05390625 0.13203125
1 0.025 0.228125 0.0421875 0.16328125
1 0.54765625 0.25625 0.03203125 0.0890625
1 0.825 0.2421875 0.04609375 0.0828125