1 0.91484375 0.2984375 0.11484375 0.18984375
1 0.05234375 0.36484375 0.08515625 0.1234375
1 0.63515625 0.34140625 0.0546875 0.1234375
1 0.7484375 0.35859375 0.0578125 0.11640625
1 0.3078125 0.36328125 0.0546875 0.09296875
1 0.2171875 0.36328125 0.05 0.09296875
0 0.1734375 0.34140625 0.05234375 0.08984375
0 0.8015625 0.34296875 0.0578125 0.1203125
0 0.44375 0.38203125 0.04765625 0.096875
0 0.5578125 0.36640625 0.0453125 0.1
0 0.5 0.34296875 0.03984375 0.08671875
1 0.25234375 0.31640625 0.03515625 0.06640625
0 0.4 0.35703125 0.0453125 0.08671875