1 0.82578125 0.4484375 0.05625 0.096875
1 0.46171875 0.44296875 0.04765625 0.103125
1 0.16328125 0.4484375 0.05390625 0.10859375
1 0.3140625 0.465625 0.04765625 0.096875
1 0.2171875 0.47578125 0.034375 0.065625
1 0.34921875 0.45859375 0.0296875 0.0828125
1 0.5 0.45390625 0.03984375 0.09140625
1 0.6203125 0.4171875 0.05234375 0.103125
1 0.6890625 0.44453125 0.03828125 0.07109375
1 0.6609375 0.45390625 0.0296875 0.06875
1 0.77265625 0.4328125 0.03828125 0.07109375
1 0.94375 0.43984375 0.03984375 0.06875
1 0.86171875 0.44453125 0.0359375 0.0828125
1 0.38671875 0.43984375 0.04609375 0.09140625
1 0.55234375 0.4515625 0.02421875 0.0515625
1 0.578125 0.45390625 0.028125 0.05703125