1 0.14375 0.6140625 0.1640625 0.3453125
1 0.24375 0.4734375 0.1 0.23515625
1 0.4171875 0.5125 0.0578125 0.14921875
1 0.39921875 0.42734375 0.0421875 0.078125
1 0.45390625 0.41796875 0.05234375 0.1171875
1 0.56171875 0.42890625 0.06015625 0.14609375
1 0.6453125 0.80390625 0.265625 0.384375
1 0.7421875 0.54609375 0.1 0.18828125
1 0.8203125 0.4625 0.0921875 0.18515625
1 0.96796875 0.59765625 0.06015625 0.32734375
1 0.71484375 0.37578125 0.0578125 0.14609375
1 0.6109375 0.46953125 0.10234375 0.1421875
1 0.6109375 0.640625 0.1703125 0.24921875
1 0.67265625 0.48046875 0.0578125 0.1421875
1 0.6421875 0.37734375 0.06796875 0.0921875