1 0.465625 0.45 0.02890625 0.06015625
1 0.14296875 0.41640625 0.05546875 0.10703125
1 0.0890625 0.4453125 0.03125 0.05
1 0.18671875 0.446875 0.03125 0.0734375
1 0.27890625 0.39296875 0.05078125 0.11328125
1 0.3578125 0.471875 0.03984375 0.08984375
1 0.38671875 0.43984375 0.0265625 0.053125
1 0.52109375 0.4515625 0.02890625 0.06328125
1 0.55546875 0.41796875 0.04921875 0.103125
1 0.65234375 0.45703125 0.0375 0.0796875
1 0.75234375 0.40859375 0.05078125 0.096875
1 0.86640625 0.44296875 0.053125 0.10703125