0 0.1421875 0.328125 0.2046875 0.36328125
0 0.86015625 0.3234375 0.0625 0.11328125
0 0.68984375 0.33203125 0.046875 0.11015625
0 0.021875 0.3203125 0.0359375 0.09296875
0 0.2953125 0.3546875 0.04453125 0.096875
0 0.33984375 0.33671875 0.0359375 0.06640625
0 0.371875 0.35 0.02890625 0.06015625
0 0.39921875 0.3265625 0.02890625 0.06640625
0 0.44453125 0.33984375 0.03984375 0.0796875
0 0.50859375 0.33359375 0.0265625 0.053125
0 0.55859375 0.33515625 0.0375 0.0703125
0 0.60859375 0.3515625 0.0265625 0.05
0 0.65078125 0.35 0.03984375 0.0734375
0 0.7359375 0.36484375 0.0359375 0.06328125
0 0.771875 0.36328125 0.02890625 0.053125
0 0.91875 0.33984375 0.0375 0.0734375