1 0.33828125 0.5109375 0.04375 0.06171875
1 0.6921875 0.51171875 0.05234375 0.08515625
0 0.03984375 0.46796875 0.07578125 0.146875
0 0.09296875 0.4921875 0.0578125 0.10390625
0 0.21015625 0.4375 0.084375 0.13828125
0 0.39375 0.4828125 0.0796875 0.12265625
0 0.48984375 0.49296875 0.06015625 0.1015625
0 0.5828125 0.51484375 0.0421875 0.0796875
0 0.64609375 0.52421875 0.0796875 0.13046875
0 0.8 0.465625 0.1078125 0.16796875
0 0.89375 0.51875 0.0921875 0.15234375
0 0.9703125 0.5078125 0.05625 0.08828125