1 0.478125 0.5 0.1203125 0.16015625
1 0.396875 0.3265625 0.08203125 0.12109375
1 0.83671875 0.42578125 0.06171875 0.12109375
1 0.63125 0.62109375 0.1421875 0.190625
1 0.74375 0.47109375 0.071875 0.11484375
1 0.48828125 0.42890625 0.09609375 0.084375
1 0.26796875 0.353125 0.06796875 0.096875
2 0.78515625 0.584375 0.165625 0.43828125
2 0.68828125 0.4984375 0.19609375 0.20546875
2 0.54921875 0.74921875 0.3578125 0.3984375
2 0.23671875 0.60859375 0.1421875 0.6375
2 0.36484375 0.56484375 0.1140625 0.61015625
2 0.459375 0.66640625 0.1703125 0.48046875