1 0.565625 0.29140625 0.06171875 0.13671875
1 0.41171875 0.33671875 0.05234375 0.1203125
1 0.29375 0.33515625 0.0484375 0.1234375
1 0.809375 0.328125 0.05234375 0.1296875
1 0.46875 0.325 0.05390625 0.11640625
1 0.696875 0.353125 0.05625 0.13984375
1 0.88359375 0.3296875 0.10078125 0.2203125
1 0.1265625 0.36640625 0.05234375 0.1203125
1 0.065625 0.33203125 0.05390625 0.11015625
1 0.21875 0.3296875 0.05 0.1
1 0.65390625 0.35703125 0.040625 0.10703125
1 0.7578125 0.3546875 0.03515625 0.08359375
1 0.32734375 0.36015625 0.03515625 0.09296875
0 0.95859375 0.346875 0.0484375 0.1265625
1 0.609375 0.33984375 0.03671875 0.09296875
1 0.378125 0.3453125 0.03515625 0.08984375