0 0.25 0.43984375 0.07578125 0.1484375
0 0.93203125 0.44140625 0.11171875 0.1953125
0 0.12734375 0.4640625 0.09765625 0.1859375
0 0.91171875 0.325 0.0640625 0.10546875
0 0.765625 0.328125 0.06015625 0.11171875
0 0.05703125 0.5390625 0.11015625 0.1984375
0 0.66484375 0.43671875 0.08984375 0.1484375
0 0.56484375 0.346875 0.0578125 0.10546875
0 0.7703125 0.4640625 0.08828125 0.1609375
0 0.69609375 0.33125 0.04375 0.08046875
0 0.63671875 0.3703125 0.05 0.10234375
0 0.1453125 0.35625 0.05390625 0.08046875
0 0.60078125 0.321875 0.034375 0.06796875