1 0.79140625 0.1828125 0.059375 0.08984375
1 0.11796875 0.47578125 0.0421875 0.0859375
1 0.4578125 0.57265625 0.05 0.078125
1 0.47265625 0.53203125 0.05 0.07109375
1 0.84609375 0.23125 0.0296875 0.059375
1 0.73984375 0.39921875 0.046875 0.059375
1 0.5546875 0.26328125 0.01484375 0.02578125
1 0.4921875 0.26875 0.01953125 0.0296875
1 0.5140625 0.2578125 0.0171875 0.0296875
1 0.53203125 0.26640625 0.01484375 0.02578125
2 0.1234375 0.6171875 0.08671875 0.3546875
2 0.446875 0.7609375 0.196875 0.3953125
2 0.7984375 0.38984375 0.06953125 0.49609375
2 0.79453125 0.47734375 0.146875 0.23125
2 0.8546875 0.34140625 0.046875 0.2578125
2 0.49609375 0.59921875 0.08203125 0.19765625
2 0.49375 0.32265625 0.02265625 0.13046875
2 0.55859375 0.31875 0.02734375 0.1453125
2 0.53359375 0.31875 0.02265625 0.13828125
2 0.5140625 0.3171875 0.02265625 0.14921875