1 0.2578125 0.8546875 0.09609375 0.1375
1 0.078125 0.715625 0.1 0.134375
1 0.58125 0.93125 0.0859375 0.12109375
1 0.39765625 0.4328125 0.071875 0.1015625
1 0.6671875 0.578125 0.07421875 0.1015625
1 0.7890625 0.2046875 0.06171875 0.090625
1 0.778125 0.746875 0.0796875 0.09375
1 0.61015625 0.53125 0.05234375 0.090625
1 0.37734375 0.35859375 0.06171875 0.08515625
1 0.2828125 0.41875 0.0703125 0.090625
1 0.52734375 0.5484375 0.05390625 0.090625
1 0.728125 0.92890625 0.0921875 0.12109375
1 0.87109375 0.840625 0.08984375 0.09921875
1 0.90625 0.15 0.0640625 0.09609375
1 0.915625 0.046875 0.05625 0.08203125
1 0.86796875 0.03046875 0.06015625 0.0546875