0 0.215625 0.421875 0.05625 0.08125
0 0.4078125 0.43984375 0.0359375 0.04921875
0 0.48515625 0.43359375 0.034375 0.05234375
0 0.559375 0.4359375 0.03828125 0.0578125
0 0.665625 0.428125 0.0359375 0.05234375
0 0.7109375 0.4359375 0.034375 0.05234375
0 0.74375 0.43984375 0.0359375 0.04453125
0 0.8109375 0.4265625 0.03828125 0.065625
0 0.8640625 0.3984375 0.0359375 0.04453125
0 0.86875 0.43203125 0.04609375 0.06015625
0 0.91796875 0.396875 0.03203125 0.0578125
0 0.9421875 0.41484375 0.028125 0.046875
0 0.9890625 0.41796875 0.01796875 0.0734375