1 0.709375 0.59609375 0.07421875 0.1390625
1 0.60703125 0.54609375 0.06171875 0.13203125
1 0.47890625 0.4765625 0.05 0.1140625
1 0.271875 0.2171875 0.0359375 0.07109375
1 0.4203125 0.2671875 0.03984375 0.0921875
1 0.5 0.284375 0.04375 0.078125
1 0.575 0.2796875 0.0421875 0.075
1 0.85390625 0.41640625 0.04765625 0.1
1 0.7828125 0.3828125 0.04609375 0.08203125
1 0.74765625 0.35234375 0.03984375 0.08515625
1 0.49296875 0.21875 0.0421875 0.08203125
1 0.3578125 0.2328125 0.0359375 0.06015625
1 0.62578125 0.28984375 0.03984375 0.08203125
1 0.65625 0.29375 0.0359375 0.075
1 0.5921875 0.23515625 0.03984375 0.0640625
1 0.60390625 0.1921875 0.0359375 0.0640625
1 0.696875 0.31328125 0.0421875 0.07109375
1 0.775 0.2921875 0.04609375 0.078125
1 0.71328125 0.2171875 0.034375 0.05703125
1 0.2203125 0.23125 0.05234375 0.08515625
1 0.18515625 0.22421875 0.03828125 0.07109375
1 0.1578125 0.20078125 0.0359375 0.06015625
1 0.13515625 0.18671875 0.034375 0.06015625
1 0.115625 0.18125 0.028125 0.05703125
1 0.084375 0.18828125 0.0359375 0.0640625
1 0.225 0.13671875 0.034375 0.053125
1 0.39296875 0.178125 0.02578125 0.04296875
1 0.9578125 0.32578125 0.04375 0.0890625
1 0.86171875 0.153125 0.028125 0.07109375
1 0.2859375 0.10703125 0.028125 0.05
1 0.03671875 0.11171875 0.0296875 0.053125
1 0.89375 0.13359375 0.028125 0.075
1 0.9671875 0.23984375 0.0421875 0.06015625
1 0.22578125 0.0875 0.02421875 0.04609375
1 0.73828125 0.165625 0.02421875 0.04609375