1 0.115625 0.3234375 0.05625 0.10703125
1 0.2109375 0.3078125 0.0578125 0.10703125
1 0.3296875 0.2328125 0.04765625 0.090625
1 0.4109375 0.28046875 0.05390625 0.1125
1 0.26484375 0.4734375 0.06171875 0.1015625
1 0.2078125 0.5546875 0.0640625 0.11484375
1 0.3421875 0.5203125 0.05625 0.10390625
1 0.425 0.42890625 0.05390625 0.10390625
1 0.5453125 0.26328125 0.05390625 0.09921875
1 0.50078125 0.21953125 0.05390625 0.1015625
1 0.840625 0.2703125 0.065625 0.11796875
1 0.72734375 0.24609375 0.06171875 0.10703125
1 0.66875 0.28046875 0.06171875 0.1125
1 0.6046875 0.28984375 0.065625 0.10390625
2 0.2140625 0.70859375 0.171875 0.4171875
2 0.11796875 0.53203125 0.12421875 0.52421875
2 0.2109375 0.38125 0.08203125 0.25390625
2 0.33515625 0.67265625 0.15390625 0.371875
2 0.43515625 0.590625 0.134375 0.40078125
2 0.86484375 0.534375 0.14609375 0.646875
2 0.74921875 0.51640625 0.1140625 0.646875
2 0.66484375 0.5265625 0.08203125 0.61484375
2 0.61015625 0.53203125 0.08828125 0.5671875
2 0.53828125 0.51171875 0.07578125 0.56953125
2 0.32890625 0.359375 0.11015625 0.33984375
2 0.4109375 0.3078125 0.09375 0.15
2 0.4953125 0.325 0.06171875 0.30234375