1 0.4859375 0.44453125 0.071875 0.1265625
1 0.1296875 0.4734375 0.07578125 0.13359375
1 0.4203125 0.459375 0.06796875 0.1109375
1 0.3078125 0.471875 0.06796875 0.10078125
1 0.22890625 0.48359375 0.078125 0.1234375
1 0.85703125 0.48984375 0.05390625 0.10078125
1 0.6078125 0.44921875 0.0640625 0.10625
1 0.7078125 0.45234375 0.06015625 0.10078125
1 0.1921875 0.46953125 0.07578125 0.13671875
1 0.97734375 0.45703125 0.034375 0.065625
1 0.56171875 0.46328125 0.04375 0.08828125
1 0.784375 0.4609375 0.02421875 0.04765625
1 0.88828125 0.475 0.03984375 0.0859375