1 0.21875 0.2859375 0.078125 0.12890625
1 0.075 0.26796875 0.09765625 0.17109375
1 0.2359375 0.1515625 0.05625 0.1109375
1 0.61015625 0.12109375 0.04765625 0.09296875
1 0.034375 0.12109375 0.0640625 0.17890625
1 0.16875 0.0375 0.04609375 0.06796875
1 0.3921875 0.04140625 0.04375 0.075
0 0.45625 0.55 0.07578125 0.15703125
0 0.32578125 0.04609375 0.0359375 0.0859375
0 0.38125 0.075 0.05 0.1
0 0.71796875 0.1015625 0.115625 0.19609375
0 0.80078125 0.08203125 0.06171875 0.15703125
0 0.97578125 0.06640625 0.04375 0.11796875
0 0.95 0.09296875 0.04375 0.12109375