0 0.11875 0.28046875 0.1125 0.15390625
0 0.196875 0.23515625 0.03515625 0.08125
0 0.025 0.18359375 0.025 0.059375
0 0.240625 0.24765625 0.06875 0.13828125
0 0.28046875 0.16484375 0.03984375 0.065625
0 0.3375 0.22734375 0.07109375 0.115625
0 0.40234375 0.24296875 0.05390625 0.096875
0 0.43359375 0.19140625 0.03359375 0.05625
0 0.48671875 0.26015625 0.06875 0.12578125
0 0.60703125 0.30859375 0.05234375 0.121875
0 0.86484375 0.4046875 0.10859375 0.13203125
0 0.90234375 0.26328125 0.04140625 0.09375
0 0.81328125 0.27734375 0.03984375 0.078125
1 0.759375 0.23359375 0.03515625 0.071875
1 0.71171875 0.23046875 0.03515625 0.078125
1 0.678125 0.24609375 0.03984375 0.078125
0 0.64296875 0.25859375 0.03984375 0.096875
1 0.61484375 0.18984375 0.02109375 0.040625