1 0.91796875 0.38515625 0.04375 0.10234375
0 0.528125 0.39765625 0.06015625 0.11484375
0 0.10703125 0.4625 0.0703125 0.09921875
0 0.25625 0.42890625 0.05625 0.10546875
0 0.40078125 0.4078125 0.06171875 0.11171875
0 0.6046875 0.42734375 0.05 0.09609375
0 0.67890625 0.38984375 0.05 0.09921875
0 0.65234375 0.465625 0.05234375 0.0875
0 0.44921875 0.42890625 0.034375 0.08125
0 0.328125 0.43828125 0.03984375 0.06328125
0 0.1640625 0.4515625 0.03984375 0.07265625
1 0.98125 0.4125 0.034375 0.10859375
1 0.94609375 0.4234375 0.03203125 0.08125
0 0.73125 0.4203125 0.02578125 0.06328125